 #Kx Ky(2pi/N)           0           0
  0.62831853E+00  0.44784263E+00 -0.26555453E+00  0.00000000E+00  0.00000000E+00  0.22731464E-01 -0.14753633E-01  0.00000000E+00  0.00000000E+00
  0.18849556E+01  0.19396607E+00 -0.27814986E+00  0.00000000E+00  0.00000000E+00  0.10095827E-01 -0.14676917E-01  0.00000000E+00  0.00000000E+00
  0.31415927E+01  0.10306336E+00 -0.21842788E+00  0.00000000E+00  0.00000000E+00  0.41664300E-02 -0.79793311E-02  0.00000000E+00  0.00000000E+00
  0.43982297E+01  0.63530774E-01 -0.17886930E+00  0.00000000E+00  0.00000000E+00  0.25969847E-02 -0.36690339E-02  0.00000000E+00  0.00000000E+00
  0.56548668E+01  0.39732539E-01 -0.15022414E+00  0.00000000E+00  0.00000000E+00  0.97501047E-03 -0.31801856E-02  0.00000000E+00  0.00000000E+00
  0.69115038E+01  0.28523277E-01 -0.12807966E+00  0.00000000E+00  0.00000000E+00  0.12476279E-02 -0.19730985E-02  0.00000000E+00  0.00000000E+00
  0.81681409E+01  0.21861008E-01 -0.11047263E+00  0.00000000E+00  0.00000000E+00  0.11177133E-02 -0.45446687E-03  0.00000000E+00  0.00000000E+00
  0.94247780E+01  0.16153754E-01 -0.97603483E-01  0.00000000E+00  0.00000000E+00  0.52249975E-03 -0.37448358E-03  0.00000000E+00  0.00000000E+00
  0.10681415E+02  0.12413679E-01 -0.87492370E-01  0.00000000E+00  0.00000000E+00  0.38729093E-03 -0.29623055E-03  0.00000000E+00  0.00000000E+00
  0.11938052E+02  0.93669342E-02 -0.79523263E-01  0.00000000E+00  0.00000000E+00  0.53588572E-04 -0.20220875E-03  0.00000000E+00  0.00000000E+00
  0.13194689E+02  0.84665008E-02 -0.72458955E-01  0.00000000E+00  0.00000000E+00  0.42170555E-03 -0.19333802E-03  0.00000000E+00  0.00000000E+00
  0.14451326E+02  0.66930238E-02 -0.66457990E-01  0.00000000E+00  0.00000000E+00  0.15534446E-03  0.58907438E-04  0.00000000E+00  0.00000000E+00
  0.15707963E+02  0.59043398E-02 -0.61801817E-01  0.00000000E+00  0.00000000E+00  0.11545859E-03 -0.54416745E-04  0.00000000E+00  0.00000000E+00
  0.16964600E+02  0.48805063E-02 -0.57345970E-01  0.00000000E+00  0.00000000E+00  0.21547469E-03  0.16517439E-03  0.00000000E+00  0.00000000E+00
  0.18221237E+02  0.44801288E-02 -0.53428022E-01  0.00000000E+00  0.00000000E+00  0.19971011E-03  0.62175167E-04  0.00000000E+00  0.00000000E+00
  0.19477874E+02  0.39180527E-02 -0.50299973E-01  0.00000000E+00  0.00000000E+00  0.83722765E-04  0.97189179E-04  0.00000000E+00  0.00000000E+00
  0.20734512E+02  0.33147148E-02 -0.47605002E-01  0.00000000E+00  0.00000000E+00  0.32211009E-04 -0.19890102E-03  0.00000000E+00  0.00000000E+00
  0.21991149E+02  0.29129669E-02 -0.44849741E-01  0.00000000E+00  0.00000000E+00  0.62276202E-04  0.22548184E-06  0.00000000E+00  0.00000000E+00
  0.23247786E+02  0.25070159E-02 -0.42947151E-01  0.00000000E+00  0.00000000E+00  0.11707271E-03 -0.74277645E-04  0.00000000E+00  0.00000000E+00
  0.24504423E+02  0.22138890E-02 -0.40384837E-01  0.00000000E+00  0.00000000E+00  0.21812953E-04  0.15670047E-03  0.00000000E+00  0.00000000E+00
  0.25761060E+02  0.19748216E-02 -0.38406034E-01  0.00000000E+00  0.00000000E+00  0.24636077E-04  0.13024557E-04  0.00000000E+00  0.00000000E+00
  0.27017697E+02  0.20956017E-02 -0.36748519E-01  0.00000000E+00  0.00000000E+00  0.88277042E-04 -0.71209328E-04  0.00000000E+00  0.00000000E+00
  0.28274334E+02  0.17478713E-02 -0.35112603E-01  0.00000000E+00  0.00000000E+00  0.18101983E-03 -0.20272421E-05  0.00000000E+00  0.00000000E+00
  0.29530971E+02  0.16902718E-02 -0.33618030E-01  0.00000000E+00  0.00000000E+00  0.26514829E-04  0.97284333E-04  0.00000000E+00  0.00000000E+00
  0.30787608E+02  0.15731191E-02 -0.32513237E-01  0.00000000E+00  0.00000000E+00  0.41114366E-04 -0.59326819E-04  0.00000000E+00  0.00000000E+00
  0.32044245E+02  0.15642904E-02 -0.31083048E-01  0.00000000E+00  0.00000000E+00  0.16574394E-03  0.27656055E-04  0.00000000E+00  0.00000000E+00
  0.33300882E+02  0.12363395E-02 -0.29772680E-01  0.00000000E+00  0.00000000E+00 -0.36733796E-04 -0.17481083E-04  0.00000000E+00  0.00000000E+00
  0.34557519E+02  0.12914771E-02 -0.29129970E-01  0.00000000E+00  0.00000000E+00  0.18684532E-03  0.16158084E-04  0.00000000E+00  0.00000000E+00
  0.35814156E+02  0.11535448E-02 -0.27825729E-01  0.00000000E+00  0.00000000E+00  0.61274552E-04 -0.13580947E-07  0.00000000E+00  0.00000000E+00
  0.37070793E+02  0.95910050E-03 -0.27030999E-01  0.00000000E+00  0.00000000E+00 -0.35604284E-04 -0.93176426E-04  0.00000000E+00  0.00000000E+00
  0.38327430E+02  0.10145280E-02 -0.26000989E-01  0.00000000E+00  0.00000000E+00  0.75761680E-04  0.20776791E-04  0.00000000E+00  0.00000000E+00
  0.39584067E+02  0.85766497E-03 -0.25298323E-01  0.00000000E+00  0.00000000E+00  0.31172504E-04 -0.51498088E-04  0.00000000E+00  0.00000000E+00
 
 #Kx Ky(2pi/N)           0           1
  0.62831853E+00  0.50456289E+00 -0.51943147E+00  0.13219026E-01  0.00000000E+00  0.82647973E-01 -0.47681521E-01  0.35772205E-02  0.00000000E+00
  0.18849556E+01  0.12235743E+00 -0.34736315E+00  0.29588323E-02  0.00000000E+00  0.17961745E-01 -0.35667573E-01  0.17703028E-02  0.00000000E+00
  0.31415927E+01  0.53920168E-01 -0.24252515E+00  0.15666970E-02  0.00000000E+00  0.34348033E-02 -0.13425474E-01  0.12051201E-02  0.00000000E+00
  0.43982297E+01  0.31823497E-01 -0.18886983E+00  0.73015859E-03  0.00000000E+00  0.30014246E-02 -0.47634356E-02  0.61981690E-03  0.00000000E+00
  0.56548668E+01  0.19869912E-01 -0.15418484E+00  0.28429515E-03  0.00000000E+00  0.17125700E-02 -0.20190611E-02  0.25501846E-03  0.00000000E+00
  0.69115038E+01  0.13868568E-01 -0.13084418E+00  0.55922736E-04  0.00000000E+00  0.17498786E-02 -0.12599893E-02  0.51849071E-04  0.00000000E+00
  0.81681409E+01  0.97137183E-02 -0.11255738E+00  0.99925933E-04  0.00000000E+00  0.10825357E-02 -0.51958025E-03  0.94410461E-04  0.00000000E+00
  0.94247780E+01  0.72555244E-02 -0.99126797E-01  0.80638306E-04  0.00000000E+00  0.62545113E-03 -0.35613852E-03  0.77242434E-04  0.00000000E+00
  0.10681415E+02  0.53400215E-02 -0.88625198E-01  0.10338479E-03  0.00000000E+00  0.58384100E-03 -0.14974708E-03  0.10001738E-03  0.00000000E+00
  0.11938052E+02  0.44763598E-02 -0.80283032E-01  0.43796402E-04  0.00000000E+00  0.44443945E-03 -0.24957397E-03  0.42603713E-04  0.00000000E+00
  0.13194689E+02  0.32190694E-02 -0.72989816E-01 -0.26526459E-04  0.00000000E+00  0.21043537E-03  0.40690839E-04 -0.25973108E-04  0.00000000E+00
  0.14451326E+02  0.29517159E-02 -0.66732359E-01  0.94076993E-05  0.00000000E+00  0.33831408E-03  0.10454718E-03  0.92235394E-05  0.00000000E+00
  0.15707963E+02  0.26008011E-02 -0.61998680E-01  0.88292325E-05  0.00000000E+00  0.29171007E-03 -0.14075175E-03  0.86811032E-05  0.00000000E+00
  0.16964600E+02  0.20111636E-02 -0.57656131E-01 -0.12800802E-04  0.00000000E+00  0.10154470E-03 -0.14752552E-04 -0.12630707E-04  0.00000000E+00
  0.18221237E+02  0.19663061E-02 -0.53490412E-01  0.15795527E-04  0.00000000E+00  0.32284574E-03  0.17689254E-04  0.15607253E-04  0.00000000E+00
  0.19477874E+02  0.16109864E-02 -0.50403297E-01  0.10441100E-04  0.00000000E+00  0.12386635E-03 -0.86671440E-04  0.10333181E-04  0.00000000E+00
  0.20734512E+02  0.13484405E-02 -0.47425444E-01 -0.67412134E-05  0.00000000E+00  0.15041291E-03 -0.15007608E-04 -0.66818203E-05  0.00000000E+00
  0.21991149E+02  0.13710670E-02 -0.44882455E-01  0.11234199E-04  0.00000000E+00  0.76466759E-04 -0.23699481E-05  0.11137112E-04  0.00000000E+00
  0.23247786E+02  0.11473347E-02 -0.42676675E-01  0.76754833E-05  0.00000000E+00  0.13111614E-03  0.28963612E-04  0.76177987E-05  0.00000000E+00
  0.24504423E+02  0.94310527E-03 -0.40415267E-01  0.57972662E-05  0.00000000E+00  0.10755414E-03 -0.40267943E-04  0.57590632E-05  0.00000000E+00
  0.25761060E+02  0.72297999E-03 -0.38488153E-01 -0.62344991E-05  0.00000000E+00  0.66849010E-04  0.15731373E-04 -0.62029394E-05  0.00000000E+00
  0.27017697E+02  0.96546942E-03 -0.36618910E-01  0.58259989E-05  0.00000000E+00  0.10597677E-03  0.37233377E-04  0.57874052E-05  0.00000000E+00
  0.28274334E+02  0.63654756E-03 -0.35099193E-01  0.16395954E-04  0.00000000E+00  0.30417463E-04 -0.40886851E-04  0.16318307E-04  0.00000000E+00
  0.29530971E+02  0.72213114E-03 -0.33791433E-01 -0.11103011E-04  0.00000000E+00  0.11797915E-03 -0.14508564E-04 -0.11052133E-04  0.00000000E+00
  0.30787608E+02  0.60027603E-03 -0.32235479E-01  0.17038776E-05  0.00000000E+00  0.29252425E-04  0.18945840E-04  0.16982057E-05  0.00000000E+00
  0.32044245E+02  0.65387370E-03 -0.30936822E-01  0.37920444E-05  0.00000000E+00  0.76366673E-04  0.44636070E-04  0.37763077E-05  0.00000000E+00
  0.33300882E+02  0.63797984E-03 -0.29806287E-01 -0.35457779E-05  0.00000000E+00  0.42940291E-04 -0.96083048E-05 -0.35319855E-05  0.00000000E+00
  0.34557519E+02  0.53267732E-03 -0.28775668E-01  0.22103588E-05  0.00000000E+00  0.37033498E-04  0.21923789E-04  0.22019539E-05  0.00000000E+00
  0.35814156E+02  0.58502435E-03 -0.27816921E-01 -0.31988840E-05  0.00000000E+00  0.61368988E-04 -0.25162427E-04 -0.31873473E-05  0.00000000E+00
  0.37070793E+02  0.51558964E-03 -0.26908098E-01  0.37132280E-05  0.00000000E+00  0.39009726E-04  0.23914117E-04  0.37023420E-05  0.00000000E+00
  0.38327430E+02  0.46815620E-03 -0.25988965E-01  0.15786656E-05  0.00000000E+00  0.22255180E-04  0.31562437E-04  0.15736744E-05  0.00000000E+00
  0.39584067E+02  0.45363084E-03 -0.25144374E-01 -0.10818504E-05  0.00000000E+00  0.62611764E-04  0.44561331E-05 -0.10782321E-05  0.00000000E+00
 
 #Kx Ky(2pi/N)           0           2
  0.62831853E+00  0.87041018E-01 -0.37497025E+00  0.66145528E-01  0.00000000E+00  0.12458220E+00 -0.12918713E+00  0.62056033E-01  0.00000000E+00
  0.18849556E+01 -0.27471054E-01 -0.31275099E+00  0.15638323E-01  0.00000000E+00  0.21901335E-02 -0.34801288E-01  0.15758896E-01  0.00000000E+00
  0.31415927E+01 -0.13882615E-01 -0.22945295E+00  0.43335914E-02  0.00000000E+00  0.19820842E-02 -0.38763124E-02  0.43493483E-02  0.00000000E+00
  0.43982297E+01 -0.85001702E-02 -0.18455567E+00  0.17337102E-02  0.00000000E+00  0.17440060E-02 -0.30937479E-02  0.17372425E-02  0.00000000E+00
  0.56548668E+01 -0.53912682E-02 -0.15167460E+00  0.10379878E-02  0.00000000E+00  0.15207680E-02 -0.74888233E-03  0.10391881E-02  0.00000000E+00
  0.69115038E+01 -0.40690104E-02 -0.12923625E+00  0.44224481E-03  0.00000000E+00  0.94749605E-03 -0.10769939E-02  0.44263351E-03  0.00000000E+00
  0.81681409E+01 -0.34066595E-02 -0.11278245E+00  0.38995835E-03  0.00000000E+00  0.41320019E-03 -0.33179235E-03  0.39030918E-03  0.00000000E+00
  0.94247780E+01 -0.25177827E-02 -0.99175728E-01  0.12137621E-03  0.00000000E+00  0.43518749E-03 -0.28565284E-03  0.12145095E-03  0.00000000E+00
  0.10681415E+02 -0.21461417E-02 -0.87949554E-01  0.94818304E-04  0.00000000E+00  0.17589839E-03  0.23504084E-03  0.94872806E-04  0.00000000E+00
  0.11938052E+02 -0.18071422E-02 -0.79888565E-01  0.87988239E-04  0.00000000E+00  0.10855140E-03 -0.12993962E-04  0.88038203E-04  0.00000000E+00
  0.13194689E+02 -0.14509781E-02 -0.72606844E-01  0.11941708E-03  0.00000000E+00  0.13123830E-03 -0.24616043E-03  0.11946331E-03  0.00000000E+00
  0.14451326E+02 -0.94795040E-03 -0.66871472E-01  0.59805640E-04  0.00000000E+00  0.39392595E-03 -0.16221132E-03  0.59815338E-04  0.00000000E+00
  0.15707963E+02 -0.10054131E-02 -0.61245376E-01  0.28179334E-04  0.00000000E+00  0.12021170E-03 -0.37089460E-04  0.28184913E-04  0.00000000E+00
  0.16964600E+02 -0.80086245E-03 -0.57605985E-01  0.25421822E-05  0.00000000E+00  0.19489745E-03 -0.18257757E-03  0.25431401E-05  0.00000000E+00
  0.18221237E+02 -0.60955052E-03 -0.53562382E-01  0.17748495E-04  0.00000000E+00  0.25126650E-03  0.49449767E-04  0.17750507E-04  0.00000000E+00
  0.19477874E+02 -0.68729051E-03 -0.50574763E-01  0.29219296E-04  0.00000000E+00  0.80201461E-04  0.53689387E-04  0.29226135E-04  0.00000000E+00
  0.20734512E+02 -0.56600232E-03 -0.47434621E-01  0.21153349E-04  0.00000000E+00  0.10911159E-03 -0.78905994E-04  0.21155766E-04  0.00000000E+00
  0.21991149E+02 -0.50603995E-03 -0.44857701E-01  0.24152012E-04  0.00000000E+00  0.97703261E-04  0.80265389E-05  0.24153500E-04  0.00000000E+00
  0.23247786E+02 -0.38476001E-03 -0.42634979E-01  0.61229847E-05  0.00000000E+00  0.16061765E-03 -0.40640695E-04  0.61233996E-05  0.00000000E+00
  0.24504423E+02 -0.39028329E-03 -0.40169176E-01 -0.40985002E-05  0.00000000E+00  0.93839481E-04 -0.20202619E-04 -0.40989752E-05  0.00000000E+00
  0.25761060E+02 -0.25804569E-03 -0.38151186E-01  0.18213834E-04  0.00000000E+00  0.17863324E-03 -0.43536396E-04  0.18214316E-04  0.00000000E+00
  0.27017697E+02 -0.36187900E-03 -0.36705983E-01  0.15435668E-04  0.00000000E+00  0.42363197E-04 -0.10239730E-04  0.15436959E-04  0.00000000E+00
  0.28274334E+02 -0.25333511E-03 -0.34969608E-01  0.78692335E-05  0.00000000E+00  0.11355222E-03 -0.10061098E-04  0.78695904E-05  0.00000000E+00
  0.29530971E+02 -0.21764267E-03 -0.33309469E-01  0.91405632E-05  0.00000000E+00  0.11523487E-03 -0.70967139E-06  0.91403332E-05  0.00000000E+00
  0.30787608E+02 -0.30124342E-03 -0.32427885E-01  0.15836318E-05  0.00000000E+00  0.14256952E-04  0.10524183E-04  0.15845833E-05  0.00000000E+00
  0.32044245E+02 -0.26821084E-03 -0.30760460E-01 -0.44472527E-05  0.00000000E+00  0.15674050E-04 -0.33934278E-04 -0.44475932E-05  0.00000000E+00
  0.33300882E+02 -0.20270258E-03 -0.29777020E-01  0.27317006E-05  0.00000000E+00  0.63314867E-04 -0.22485212E-04  0.27317801E-05  0.00000000E+00
  0.34557519E+02 -0.78987748E-04 -0.28729068E-01 -0.69247533E-05  0.00000000E+00  0.16861738E-03 -0.41238673E-04 -0.69246188E-05  0.00000000E+00
  0.35814156E+02 -0.18152676E-03 -0.27909234E-01  0.30297924E-04  0.00000000E+00  0.52163751E-04 -0.14581366E-05  0.30299253E-04  0.00000000E+00
  0.37070793E+02 -0.17009924E-03 -0.26788645E-01  0.71679935E-05  0.00000000E+00  0.45200619E-04 -0.23029224E-04  0.71682517E-05  0.00000000E+00
  0.38327430E+02 -0.10484046E-03 -0.25886213E-01 -0.15063494E-05  0.00000000E+00  0.96192738E-04 -0.14932012E-04 -0.15063546E-05  0.00000000E+00
  0.39584067E+02 -0.11873103E-03 -0.25149014E-01  0.11598714E-04  0.00000000E+00  0.71016893E-04 -0.68122459E-04  0.11598906E-04  0.00000000E+00
 
 #Kx Ky(2pi/N)           0           3
  0.62831853E+00  0.50456289E+00 -0.51943147E+00  0.13219026E-01  0.00000000E+00  0.82647973E-01 -0.47681521E-01  0.35772205E-02  0.00000000E+00
  0.18849556E+01  0.12235743E+00 -0.34736315E+00  0.29588323E-02  0.00000000E+00  0.17961745E-01 -0.35667573E-01  0.17703028E-02  0.00000000E+00
  0.31415927E+01  0.53920168E-01 -0.24252515E+00  0.15666970E-02  0.00000000E+00  0.34348033E-02 -0.13425474E-01  0.12051201E-02  0.00000000E+00
  0.43982297E+01  0.31823497E-01 -0.18886983E+00  0.73015859E-03  0.00000000E+00  0.30014246E-02 -0.47634356E-02  0.61981690E-03  0.00000000E+00
  0.56548668E+01  0.19869912E-01 -0.15418484E+00  0.28429515E-03  0.00000000E+00  0.17125700E-02 -0.20190611E-02  0.25501846E-03  0.00000000E+00
  0.69115038E+01  0.13868568E-01 -0.13084418E+00  0.55922736E-04  0.00000000E+00  0.17498786E-02 -0.12599893E-02  0.51849071E-04  0.00000000E+00
  0.81681409E+01  0.97137183E-02 -0.11255738E+00  0.99925933E-04  0.00000000E+00  0.10825357E-02 -0.51958025E-03  0.94410461E-04  0.00000000E+00
  0.94247780E+01  0.72555244E-02 -0.99126797E-01  0.80638306E-04  0.00000000E+00  0.62545113E-03 -0.35613852E-03  0.77242434E-04  0.00000000E+00
  0.10681415E+02  0.53400215E-02 -0.88625198E-01  0.10338479E-03  0.00000000E+00  0.58384100E-03 -0.14974708E-03  0.10001738E-03  0.00000000E+00
  0.11938052E+02  0.44763598E-02 -0.80283032E-01  0.43796402E-04  0.00000000E+00  0.44443945E-03 -0.24957397E-03  0.42603713E-04  0.00000000E+00
  0.13194689E+02  0.32190694E-02 -0.72989816E-01 -0.26526459E-04  0.00000000E+00  0.21043537E-03  0.40690839E-04 -0.25973108E-04  0.00000000E+00
  0.14451326E+02  0.29517159E-02 -0.66732359E-01  0.94076993E-05  0.00000000E+00  0.33831408E-03  0.10454718E-03  0.92235394E-05  0.00000000E+00
  0.15707963E+02  0.26008011E-02 -0.61998680E-01  0.88292325E-05  0.00000000E+00  0.29171007E-03 -0.14075175E-03  0.86811032E-05  0.00000000E+00
  0.16964600E+02  0.20111636E-02 -0.57656131E-01 -0.12800802E-04  0.00000000E+00  0.10154470E-03 -0.14752552E-04 -0.12630707E-04  0.00000000E+00
  0.18221237E+02  0.19663061E-02 -0.53490412E-01  0.15795527E-04  0.00000000E+00  0.32284574E-03  0.17689254E-04  0.15607253E-04  0.00000000E+00
  0.19477874E+02  0.16109864E-02 -0.50403297E-01  0.10441100E-04  0.00000000E+00  0.12386635E-03 -0.86671440E-04  0.10333181E-04  0.00000000E+00
  0.20734512E+02  0.13484405E-02 -0.47425444E-01 -0.67412134E-05  0.00000000E+00  0.15041291E-03 -0.15007608E-04 -0.66818203E-05  0.00000000E+00
  0.21991149E+02  0.13710670E-02 -0.44882455E-01  0.11234199E-04  0.00000000E+00  0.76466759E-04 -0.23699481E-05  0.11137112E-04  0.00000000E+00
  0.23247786E+02  0.11473347E-02 -0.42676675E-01  0.76754833E-05  0.00000000E+00  0.13111614E-03  0.28963612E-04  0.76177987E-05  0.00000000E+00
  0.24504423E+02  0.94310527E-03 -0.40415267E-01  0.57972662E-05  0.00000000E+00  0.10755414E-03 -0.40267943E-04  0.57590632E-05  0.00000000E+00
  0.25761060E+02  0.72297999E-03 -0.38488153E-01 -0.62344991E-05  0.00000000E+00  0.66849010E-04  0.15731373E-04 -0.62029394E-05  0.00000000E+00
  0.27017697E+02  0.96546942E-03 -0.36618910E-01  0.58259989E-05  0.00000000E+00  0.10597677E-03  0.37233377E-04  0.57874052E-05  0.00000000E+00
  0.28274334E+02  0.63654756E-03 -0.35099193E-01  0.16395954E-04  0.00000000E+00  0.30417463E-04 -0.40886851E-04  0.16318307E-04  0.00000000E+00
  0.29530971E+02  0.72213114E-03 -0.33791433E-01 -0.11103011E-04  0.00000000E+00  0.11797915E-03 -0.14508564E-04 -0.11052133E-04  0.00000000E+00
  0.30787608E+02  0.60027603E-03 -0.32235479E-01  0.17038776E-05  0.00000000E+00  0.29252425E-04  0.18945840E-04  0.16982057E-05  0.00000000E+00
  0.32044245E+02  0.65387370E-03 -0.30936822E-01  0.37920444E-05  0.00000000E+00  0.76366673E-04  0.44636070E-04  0.37763077E-05  0.00000000E+00
  0.33300882E+02  0.63797984E-03 -0.29806287E-01 -0.35457779E-05  0.00000000E+00  0.42940291E-04 -0.96083048E-05 -0.35319855E-05  0.00000000E+00
  0.34557519E+02  0.53267732E-03 -0.28775668E-01  0.22103588E-05  0.00000000E+00  0.37033498E-04  0.21923789E-04  0.22019539E-05  0.00000000E+00
  0.35814156E+02  0.58502435E-03 -0.27816921E-01 -0.31988840E-05  0.00000000E+00  0.61368988E-04 -0.25162427E-04 -0.31873473E-05  0.00000000E+00
  0.37070793E+02  0.51558964E-03 -0.26908098E-01  0.37132280E-05  0.00000000E+00  0.39009726E-04  0.23914117E-04  0.37023420E-05  0.00000000E+00
  0.38327430E+02  0.46815620E-03 -0.25988965E-01  0.15786656E-05  0.00000000E+00  0.22255180E-04  0.31562437E-04  0.15736744E-05  0.00000000E+00
  0.39584067E+02  0.45363084E-03 -0.25144374E-01 -0.10818504E-05  0.00000000E+00  0.62611764E-04  0.44561331E-05 -0.10782321E-05  0.00000000E+00
 
 #Kx Ky(2pi/N)           1           0
  0.62831853E+00  0.50456289E+00 -0.51943147E+00 -0.13219026E-01  0.00000000E+00  0.82647973E-01 -0.47681521E-01 -0.35772205E-02  0.00000000E+00
  0.18849556E+01  0.12235743E+00 -0.34736315E+00 -0.29588323E-02  0.00000000E+00  0.17961745E-01 -0.35667573E-01 -0.17703028E-02  0.00000000E+00
  0.31415927E+01  0.53920168E-01 -0.24252515E+00 -0.15666970E-02  0.00000000E+00  0.34348033E-02 -0.13425474E-01 -0.12051201E-02  0.00000000E+00
  0.43982297E+01  0.31823497E-01 -0.18886983E+00 -0.73015859E-03  0.00000000E+00  0.30014246E-02 -0.47634356E-02 -0.61981690E-03  0.00000000E+00
  0.56548668E+01  0.19869912E-01 -0.15418484E+00 -0.28429515E-03  0.00000000E+00  0.17125700E-02 -0.20190611E-02 -0.25501846E-03  0.00000000E+00
  0.69115038E+01  0.13868568E-01 -0.13084418E+00 -0.55922736E-04  0.00000000E+00  0.17498786E-02 -0.12599893E-02 -0.51849071E-04  0.00000000E+00
  0.81681409E+01  0.97137183E-02 -0.11255738E+00 -0.99925933E-04  0.00000000E+00  0.10825357E-02 -0.51958025E-03 -0.94410461E-04  0.00000000E+00
  0.94247780E+01  0.72555244E-02 -0.99126797E-01 -0.80638306E-04  0.00000000E+00  0.62545113E-03 -0.35613852E-03 -0.77242434E-04  0.00000000E+00
  0.10681415E+02  0.53400215E-02 -0.88625198E-01 -0.10338479E-03  0.00000000E+00  0.58384100E-03 -0.14974708E-03 -0.10001738E-03  0.00000000E+00
  0.11938052E+02  0.44763598E-02 -0.80283032E-01 -0.43796402E-04  0.00000000E+00  0.44443945E-03 -0.24957397E-03 -0.42603713E-04  0.00000000E+00
  0.13194689E+02  0.32190694E-02 -0.72989816E-01  0.26526459E-04  0.00000000E+00  0.21043537E-03  0.40690839E-04  0.25973108E-04  0.00000000E+00
  0.14451326E+02  0.29517159E-02 -0.66732359E-01 -0.94076993E-05  0.00000000E+00  0.33831408E-03  0.10454718E-03 -0.92235394E-05  0.00000000E+00
  0.15707963E+02  0.26008011E-02 -0.61998680E-01 -0.88292325E-05  0.00000000E+00  0.29171007E-03 -0.14075175E-03 -0.86811032E-05  0.00000000E+00
  0.16964600E+02  0.20111636E-02 -0.57656131E-01  0.12800802E-04  0.00000000E+00  0.10154470E-03 -0.14752552E-04  0.12630707E-04  0.00000000E+00
  0.18221237E+02  0.19663061E-02 -0.53490412E-01 -0.15795527E-04  0.00000000E+00  0.32284574E-03  0.17689254E-04 -0.15607253E-04  0.00000000E+00
  0.19477874E+02  0.16109864E-02 -0.50403297E-01 -0.10441100E-04  0.00000000E+00  0.12386635E-03 -0.86671440E-04 -0.10333181E-04  0.00000000E+00
  0.20734512E+02  0.13484405E-02 -0.47425444E-01  0.67412134E-05  0.00000000E+00  0.15041291E-03 -0.15007608E-04  0.66818203E-05  0.00000000E+00
  0.21991149E+02  0.13710670E-02 -0.44882455E-01 -0.11234199E-04  0.00000000E+00  0.76466759E-04 -0.23699481E-05 -0.11137112E-04  0.00000000E+00
  0.23247786E+02  0.11473347E-02 -0.42676675E-01 -0.76754833E-05  0.00000000E+00  0.13111614E-03  0.28963612E-04 -0.76177987E-05  0.00000000E+00
  0.24504423E+02  0.94310527E-03 -0.40415267E-01 -0.57972662E-05  0.00000000E+00  0.10755414E-03 -0.40267943E-04 -0.57590632E-05  0.00000000E+00
  0.25761060E+02  0.72297999E-03 -0.38488153E-01  0.62344991E-05  0.00000000E+00  0.66849010E-04  0.15731373E-04  0.62029394E-05  0.00000000E+00
  0.27017697E+02  0.96546942E-03 -0.36618910E-01 -0.58259989E-05  0.00000000E+00  0.10597677E-03  0.37233377E-04 -0.57874052E-05  0.00000000E+00
  0.28274334E+02  0.63654756E-03 -0.35099193E-01 -0.16395954E-04  0.00000000E+00  0.30417463E-04 -0.40886851E-04 -0.16318307E-04  0.00000000E+00
  0.29530971E+02  0.72213114E-03 -0.33791433E-01  0.11103011E-04  0.00000000E+00  0.11797915E-03 -0.14508564E-04  0.11052133E-04  0.00000000E+00
  0.30787608E+02  0.60027603E-03 -0.32235479E-01 -0.17038776E-05  0.00000000E+00  0.29252425E-04  0.18945840E-04 -0.16982057E-05  0.00000000E+00
  0.32044245E+02  0.65387370E-03 -0.30936822E-01 -0.37920444E-05  0.00000000E+00  0.76366673E-04  0.44636070E-04 -0.37763077E-05  0.00000000E+00
  0.33300882E+02  0.63797984E-03 -0.29806287E-01  0.35457779E-05  0.00000000E+00  0.42940291E-04 -0.96083048E-05  0.35319855E-05  0.00000000E+00
  0.34557519E+02  0.53267732E-03 -0.28775668E-01 -0.22103588E-05  0.00000000E+00  0.37033498E-04  0.21923789E-04 -0.22019539E-05  0.00000000E+00
  0.35814156E+02  0.58502435E-03 -0.27816921E-01  0.31988840E-05  0.00000000E+00  0.61368988E-04 -0.25162427E-04  0.31873473E-05  0.00000000E+00
  0.37070793E+02  0.51558964E-03 -0.26908098E-01 -0.37132280E-05  0.00000000E+00  0.39009726E-04  0.23914117E-04 -0.37023420E-05  0.00000000E+00
  0.38327430E+02  0.46815620E-03 -0.25988965E-01 -0.15786656E-05  0.00000000E+00  0.22255180E-04  0.31562437E-04 -0.15736744E-05  0.00000000E+00
  0.39584067E+02  0.45363084E-03 -0.25144374E-01  0.10818504E-05  0.00000000E+00  0.62611764E-04  0.44561331E-05  0.10782321E-05  0.00000000E+00
 
 #Kx Ky(2pi/N)           1           1
  0.62831853E+00 -0.22778632E+00 -0.67861332E+00  0.54210109E-19  0.00000000E+00  0.36802238E+00 -0.24489421E+00 -0.54210109E-19  0.00000000E+00
  0.18849556E+01 -0.10559188E+00 -0.30419153E+00 -0.27105054E-19  0.00000000E+00  0.54482265E-01 -0.55578449E-01  0.00000000E+00  0.00000000E+00
  0.31415927E+01 -0.65491931E-01 -0.21997884E+00  0.16940659E-20  0.00000000E+00  0.14669966E-01 -0.13025969E-01 -0.84703295E-20  0.00000000E+00
  0.43982297E+01 -0.43567976E-01 -0.17588969E+00  0.13234890E-20  0.00000000E+00  0.60250592E-02 -0.40948577E-02 -0.10587912E-21  0.00000000E+00
  0.56548668E+01 -0.30023450E-01 -0.14592021E+00  0.00000000E+00  0.00000000E+00  0.34026040E-02 -0.14392012E-02  0.00000000E+00  0.00000000E+00
  0.69115038E+01 -0.22420924E-01 -0.12679154E+00  0.84703295E-21  0.00000000E+00  0.25226923E-02 -0.11286081E-02  0.00000000E+00  0.00000000E+00
  0.81681409E+01 -0.17182521E-01 -0.11044998E+00  0.00000000E+00  0.00000000E+00  0.15964136E-02 -0.58332068E-03 -0.31763736E-21  0.00000000E+00
  0.94247780E+01 -0.13245211E-01 -0.97508537E-01  0.42351647E-21  0.00000000E+00  0.13032780E-02 -0.18119245E-03 -0.21175824E-20  0.00000000E+00
  0.10681415E+02 -0.10634315E-01 -0.87340819E-01  0.12705494E-20  0.00000000E+00  0.99237997E-03 -0.21572584E-03  0.10587912E-20  0.00000000E+00
  0.11938052E+02 -0.89272427E-02 -0.79468295E-01  0.00000000E+00  0.00000000E+00  0.67344676E-03 -0.13708713E-03 -0.42351647E-21  0.00000000E+00
  0.13194689E+02 -0.74323071E-02 -0.72143499E-01  0.00000000E+00  0.00000000E+00  0.46236617E-03 -0.15932577E-03  0.00000000E+00  0.00000000E+00
  0.14451326E+02 -0.63063962E-02 -0.66150489E-01  0.00000000E+00  0.00000000E+00  0.31995834E-03 -0.16232333E-03  0.00000000E+00  0.00000000E+00
  0.15707963E+02 -0.52316222E-02 -0.61129610E-01  0.84703295E-21  0.00000000E+00  0.41771164E-03  0.19557882E-04  0.00000000E+00  0.00000000E+00
  0.16964600E+02 -0.46515502E-02 -0.57109410E-01  0.84703295E-21  0.00000000E+00  0.27494957E-03 -0.14628030E-03 -0.84703295E-21  0.00000000E+00
  0.18221237E+02 -0.40403040E-02 -0.53336965E-01  0.84703295E-21  0.00000000E+00  0.25289182E-03  0.23782861E-05  0.52939559E-21  0.00000000E+00
  0.19477874E+02 -0.36017042E-02 -0.50033955E-01  0.00000000E+00  0.00000000E+00  0.17374400E-03 -0.51682450E-04  0.00000000E+00  0.00000000E+00
  0.20734512E+02 -0.31193196E-02 -0.46886242E-01 -0.42351647E-21  0.00000000E+00  0.19360178E-03 -0.14485251E-03  0.10587912E-20  0.00000000E+00
  0.21991149E+02 -0.29318334E-02 -0.44802621E-01  0.00000000E+00  0.00000000E+00  0.92365217E-04  0.43662018E-04  0.21175824E-21  0.00000000E+00
  0.23247786E+02 -0.26064196E-02 -0.42407675E-01  0.00000000E+00  0.00000000E+00  0.10176740E-03 -0.10218497E-04 -0.84703295E-21  0.00000000E+00
  0.24504423E+02 -0.23498583E-02 -0.40446279E-01  0.10587912E-21  0.00000000E+00  0.11265531E-03 -0.38681813E-04  0.00000000E+00  0.00000000E+00
  0.25761060E+02 -0.20948437E-02 -0.38261421E-01  0.00000000E+00  0.00000000E+00  0.10796394E-03 -0.24013334E-05  0.00000000E+00  0.00000000E+00
  0.27017697E+02 -0.18985241E-02 -0.36701182E-01  0.00000000E+00  0.00000000E+00  0.12769016E-03 -0.59061895E-04  0.00000000E+00  0.00000000E+00
  0.28274334E+02 -0.18776895E-02 -0.35036455E-01  0.16940659E-20  0.00000000E+00 -0.31153977E-04  0.59418332E-05 -0.16940659E-20  0.00000000E+00
  0.29530971E+02 -0.15888122E-02 -0.33707445E-01  0.12705494E-20  0.00000000E+00  0.11954786E-03 -0.25701014E-05  0.00000000E+00  0.00000000E+00
  0.30787608E+02 -0.15069949E-02 -0.32247761E-01  0.00000000E+00  0.00000000E+00  0.56416385E-04 -0.43831415E-04  0.42351647E-21  0.00000000E+00
  0.32044245E+02 -0.13414982E-02 -0.30765117E-01  0.21175824E-21  0.00000000E+00  0.81095264E-04  0.55771079E-04  0.00000000E+00  0.00000000E+00
  0.33300882E+02 -0.12451551E-02 -0.29791114E-01  0.42351647E-21  0.00000000E+00  0.88592739E-04 -0.65734107E-04  0.31763736E-21  0.00000000E+00
  0.34557519E+02 -0.11759987E-02 -0.28711929E-01  0.10587912E-21  0.00000000E+00  0.62750339E-04  0.70572710E-06 -0.10587912E-21  0.00000000E+00
  0.35814156E+02 -0.10927077E-02 -0.27770492E-01  0.00000000E+00  0.00000000E+00  0.65985578E-04  0.15744100E-04 -0.21175824E-21  0.00000000E+00
  0.37070793E+02 -0.10226297E-02 -0.26854400E-01  0.00000000E+00  0.00000000E+00  0.60766566E-04  0.14893589E-04  0.00000000E+00  0.00000000E+00
  0.38327430E+02 -0.92555733E-03 -0.25950209E-01 -0.10587912E-21  0.00000000E+00  0.85956301E-04 -0.17548280E-04 -0.10587912E-21  0.00000000E+00
  0.39584067E+02 -0.90668410E-03 -0.25180797E-01  0.00000000E+00  0.00000000E+00  0.45708925E-04  0.53287440E-04 -0.52939559E-22  0.00000000E+00
 
 #Kx Ky(2pi/N)           1           2
  0.62831853E+00 -0.15430761E+00 -0.95880973E-01  0.11448277E-01  0.00000000E+00  0.95901226E-01 -0.63832459E-01  0.18711422E-01  0.00000000E+00
  0.18849556E+01 -0.14438750E+00 -0.12596895E+00  0.41132475E-02  0.00000000E+00  0.39400458E-01 -0.21914608E-01  0.63349253E-02  0.00000000E+00
  0.31415927E+01 -0.11137106E+00 -0.13248943E+00  0.14426082E-02  0.00000000E+00  0.18614543E-01 -0.76376016E-02  0.19673415E-02  0.00000000E+00
  0.43982297E+01 -0.84513739E-01 -0.12767971E+00  0.85407448E-03  0.00000000E+00  0.89861459E-02 -0.41923439E-02  0.10683370E-02  0.00000000E+00
  0.56548668E+01 -0.63628518E-01 -0.11772482E+00  0.30625723E-03  0.00000000E+00  0.53809889E-02 -0.22086022E-02  0.36033202E-03  0.00000000E+00
  0.69115038E+01 -0.49495299E-01 -0.10726420E+00  0.15702478E-03  0.00000000E+00  0.27673561E-02 -0.16590688E-02  0.17785307E-03  0.00000000E+00
  0.81681409E+01 -0.38206168E-01 -0.97016546E-01  0.25139689E-03  0.00000000E+00  0.21308253E-02 -0.74899009E-03  0.27637890E-03  0.00000000E+00
  0.94247780E+01 -0.30822815E-01 -0.88240162E-01  0.18829471E-03  0.00000000E+00  0.14083366E-02 -0.57609886E-03  0.20309693E-03  0.00000000E+00
  0.10681415E+02 -0.24773933E-01 -0.80792461E-01  0.88184463E-05  0.00000000E+00  0.10880499E-02 -0.20863416E-03  0.94014897E-05  0.00000000E+00
  0.11938052E+02 -0.20909514E-01 -0.74200668E-01  0.10098130E-04  0.00000000E+00  0.72635368E-03 -0.20453769E-03  0.10598105E-04  0.00000000E+00
  0.13194689E+02 -0.17473978E-01 -0.68764928E-01  0.56007933E-04  0.00000000E+00  0.42897786E-03 -0.22942397E-03  0.58391689E-04  0.00000000E+00
  0.14451326E+02 -0.14761940E-01 -0.63520949E-01  0.69659933E-04  0.00000000E+00  0.44326401E-03 -0.20609068E-03  0.72171867E-04  0.00000000E+00
  0.15707963E+02 -0.12845298E-01 -0.59057712E-01 -0.10752071E-04  0.00000000E+00  0.35289621E-03 -0.50574346E-04 -0.11092696E-04  0.00000000E+00
  0.16964600E+02 -0.11059515E-01 -0.55399223E-01  0.24118763E-04  0.00000000E+00  0.36875694E-03 -0.57552073E-05  0.24763498E-04  0.00000000E+00
  0.18221237E+02 -0.96313120E-02 -0.51786313E-01  0.30966522E-04  0.00000000E+00  0.26850416E-03 -0.13073300E-03  0.31684143E-04  0.00000000E+00
  0.19477874E+02 -0.85480419E-02 -0.48749414E-01  0.17411068E-04  0.00000000E+00  0.27127485E-03  0.39140001E-04  0.17769714E-04  0.00000000E+00
  0.20734512E+02 -0.75431059E-02 -0.46213737E-01  0.22353737E-04  0.00000000E+00  0.20101952E-03 -0.63975938E-04  0.22757055E-04  0.00000000E+00
  0.21991149E+02 -0.70664547E-02 -0.43827369E-01  0.33257246E-04  0.00000000E+00  0.10101963E-03 -0.79500350E-04  0.33824330E-04  0.00000000E+00
  0.23247786E+02 -0.61483075E-02 -0.41714820E-01  0.21149826E-04  0.00000000E+00  0.18864682E-03  0.59946373E-04  0.21460321E-04  0.00000000E+00
  0.24504423E+02 -0.54629237E-02 -0.39592358E-01  0.14302153E-04  0.00000000E+00  0.15846227E-03  0.82383598E-05  0.14484294E-04  0.00000000E+00
  0.25761060E+02 -0.49110085E-02 -0.37904721E-01 -0.11952013E-06  0.00000000E+00  0.11163440E-03 -0.50369924E-04 -0.12205595E-06  0.00000000E+00
  0.27017697E+02 -0.46768376E-02 -0.36099517E-01  0.80473847E-05  0.00000000E+00  0.13547682E-03 -0.62054040E-04  0.81383394E-05  0.00000000E+00
  0.28274334E+02 -0.41662239E-02 -0.34572330E-01  0.21793413E-06  0.00000000E+00  0.72606144E-04 -0.18715392E-04  0.21932028E-06  0.00000000E+00
  0.29530971E+02 -0.39023481E-02 -0.33305487E-01  0.10757256E-05  0.00000000E+00  0.70100264E-04  0.36505011E-05  0.10853725E-05  0.00000000E+00
  0.30787608E+02 -0.35558992E-02 -0.31855620E-01 -0.87267064E-05  0.00000000E+00  0.89612180E-04 -0.25164334E-05 -0.87994913E-05  0.00000000E+00
  0.32044245E+02 -0.33205581E-02 -0.30606344E-01  0.21203189E-04  0.00000000E+00  0.91339024E-04  0.67941831E-05  0.21368308E-04  0.00000000E+00
  0.33300882E+02 -0.31386153E-02 -0.29487758E-01  0.12970623E-04  0.00000000E+00  0.87404820E-04 -0.28227914E-04  0.13066655E-04  0.00000000E+00
  0.34557519E+02 -0.28755067E-02 -0.28508852E-01 -0.72887701E-05  0.00000000E+00  0.76803277E-04 -0.51236907E-05 -0.73394199E-05  0.00000000E+00
  0.35814156E+02 -0.27060648E-02 -0.27525006E-01  0.16834535E-04  0.00000000E+00  0.11008806E-03 -0.74038244E-05  0.16943549E-04  0.00000000E+00
  0.37070793E+02 -0.25660402E-02 -0.26668566E-01 -0.72178739E-05  0.00000000E+00  0.59511878E-04  0.15022785E-04 -0.72627312E-05  0.00000000E+00
  0.38327430E+02 -0.23912752E-02 -0.25812334E-01 -0.29181182E-05  0.00000000E+00  0.63894144E-04 -0.14570671E-04 -0.29348097E-05  0.00000000E+00
  0.39584067E+02 -0.21744263E-02 -0.24912794E-01  0.48820071E-05  0.00000000E+00  0.93075114E-04  0.38114858E-04  0.49070376E-05  0.00000000E+00
 
 #Kx Ky(2pi/N)           1           3
  0.62831853E+00 -0.22778632E+00 -0.67861332E+00  0.10842022E-18  0.00000000E+00  0.36802238E+00 -0.24489421E+00  0.54210109E-19  0.00000000E+00
  0.18849556E+01 -0.10559188E+00 -0.30419153E+00 -0.33881318E-20  0.00000000E+00  0.54482265E-01 -0.55578449E-01  0.84703295E-20  0.00000000E+00
  0.31415927E+01 -0.65491931E-01 -0.21997884E+00  0.33881318E-20  0.00000000E+00  0.14669966E-01 -0.13025969E-01  0.00000000E+00  0.00000000E+00
  0.43982297E+01 -0.43567976E-01 -0.17588969E+00 -0.16940659E-20  0.00000000E+00  0.60250592E-02 -0.40948577E-02  0.00000000E+00  0.00000000E+00
  0.56548668E+01 -0.30023450E-01 -0.14592021E+00  0.00000000E+00  0.00000000E+00  0.34026040E-02 -0.14392012E-02 -0.67762636E-20  0.00000000E+00
  0.69115038E+01 -0.22420924E-01 -0.12679154E+00  0.84703295E-21  0.00000000E+00  0.25226923E-02 -0.11286081E-02 -0.84703295E-21  0.00000000E+00
  0.81681409E+01 -0.17182521E-01 -0.11044998E+00  0.21175824E-21  0.00000000E+00  0.15964136E-02 -0.58332068E-03 -0.63527471E-21  0.00000000E+00
  0.94247780E+01 -0.13245211E-01 -0.97508537E-01  0.84703295E-21  0.00000000E+00  0.13032780E-02 -0.18119245E-03  0.00000000E+00  0.00000000E+00
  0.10681415E+02 -0.10634315E-01 -0.87340819E-01  0.00000000E+00  0.00000000E+00  0.99237997E-03 -0.21572584E-03  0.00000000E+00  0.00000000E+00
  0.11938052E+02 -0.89272427E-02 -0.79468295E-01 -0.63527471E-21  0.00000000E+00  0.67344676E-03 -0.13708713E-03  0.95291207E-21  0.00000000E+00
  0.13194689E+02 -0.74323071E-02 -0.72143499E-01  0.84703295E-21  0.00000000E+00  0.46236617E-03 -0.15932577E-03 -0.84703295E-21  0.00000000E+00
  0.14451326E+02 -0.63063962E-02 -0.66150489E-01  0.00000000E+00  0.00000000E+00  0.31995834E-03 -0.16232333E-03 -0.16940659E-20  0.00000000E+00
  0.15707963E+02 -0.52316222E-02 -0.61129610E-01 -0.42351647E-21  0.00000000E+00  0.41771164E-03  0.19557882E-04  0.00000000E+00  0.00000000E+00
  0.16964600E+02 -0.46515502E-02 -0.57109410E-01  0.15881868E-21  0.00000000E+00  0.27494957E-03 -0.14628030E-03 -0.26469780E-21  0.00000000E+00
  0.18221237E+02 -0.40403040E-02 -0.53336965E-01 -0.84703295E-21  0.00000000E+00  0.25289182E-03  0.23782861E-05 -0.84703295E-21  0.00000000E+00
  0.19477874E+02 -0.36017042E-02 -0.50033955E-01  0.21175824E-21  0.00000000E+00  0.17374400E-03 -0.51682450E-04  0.00000000E+00  0.00000000E+00
  0.20734512E+02 -0.31193196E-02 -0.46886242E-01  0.74115383E-21  0.00000000E+00  0.19360178E-03 -0.14485251E-03 -0.31763736E-21  0.00000000E+00
  0.21991149E+02 -0.29318334E-02 -0.44802621E-01  0.21175824E-21  0.00000000E+00  0.92365217E-04  0.43662018E-04  0.42351647E-21  0.00000000E+00
  0.23247786E+02 -0.26064196E-02 -0.42407675E-01 -0.15881868E-21  0.00000000E+00  0.10176740E-03 -0.10218497E-04  0.10587912E-21  0.00000000E+00
  0.24504423E+02 -0.23498583E-02 -0.40446279E-01  0.00000000E+00  0.00000000E+00  0.11265531E-03 -0.38681813E-04 -0.16940659E-20  0.00000000E+00
  0.25761060E+02 -0.20948437E-02 -0.38261421E-01  0.00000000E+00  0.00000000E+00  0.10796394E-03 -0.24013334E-05  0.42351647E-21  0.00000000E+00
  0.27017697E+02 -0.18985241E-02 -0.36701182E-01  0.00000000E+00  0.00000000E+00  0.12769016E-03 -0.59061895E-04  0.42351647E-21  0.00000000E+00
  0.28274334E+02 -0.18776895E-02 -0.35036455E-01 -0.17999450E-20  0.00000000E+00 -0.31153977E-04  0.59418332E-05 -0.21175824E-21  0.00000000E+00
  0.29530971E+02 -0.15888122E-02 -0.33707445E-01  0.68821427E-21  0.00000000E+00  0.11954786E-03 -0.25701014E-05 -0.21175824E-21  0.00000000E+00
  0.30787608E+02 -0.15069949E-02 -0.32247761E-01 -0.10422476E-21  0.00000000E+00  0.56416385E-04 -0.43831415E-04 -0.31267427E-21  0.00000000E+00
  0.32044245E+02 -0.13414982E-02 -0.30765117E-01  0.10587912E-21  0.00000000E+00  0.81095264E-04  0.55771079E-04 -0.21175824E-21  0.00000000E+00
  0.33300882E+02 -0.12451551E-02 -0.29791114E-01  0.42351647E-21  0.00000000E+00  0.88592739E-04 -0.65734107E-04  0.00000000E+00  0.00000000E+00
  0.34557519E+02 -0.11759987E-02 -0.28711929E-01  0.00000000E+00  0.00000000E+00  0.62750339E-04  0.70572710E-06  0.10587912E-21  0.00000000E+00
  0.35814156E+02 -0.10927077E-02 -0.27770492E-01  0.14558379E-21  0.00000000E+00  0.65985578E-04  0.15744100E-04  0.66174449E-22  0.00000000E+00
  0.37070793E+02 -0.10226297E-02 -0.26854400E-01 -0.21175824E-21  0.00000000E+00  0.60766566E-04  0.14893589E-04 -0.42351647E-21  0.00000000E+00
  0.38327430E+02 -0.92555733E-03 -0.25950209E-01  0.10587912E-21  0.00000000E+00  0.85956301E-04 -0.17548280E-04  0.21175824E-21  0.00000000E+00
  0.39584067E+02 -0.90668410E-03 -0.25180797E-01  0.00000000E+00  0.00000000E+00  0.45708925E-04  0.53287440E-04  0.00000000E+00  0.00000000E+00
 
 #Kx Ky(2pi/N)           2           0
  0.62831853E+00  0.87041018E-01 -0.37497025E+00 -0.66145528E-01  0.00000000E+00  0.12458220E+00 -0.12918713E+00 -0.62056033E-01  0.00000000E+00
  0.18849556E+01 -0.27471054E-01 -0.31275099E+00 -0.15638323E-01  0.00000000E+00  0.21901335E-02 -0.34801288E-01 -0.15758896E-01  0.00000000E+00
  0.31415927E+01 -0.13882615E-01 -0.22945295E+00 -0.43335914E-02  0.00000000E+00  0.19820842E-02 -0.38763124E-02 -0.43493483E-02  0.00000000E+00
  0.43982297E+01 -0.85001702E-02 -0.18455567E+00 -0.17337102E-02  0.00000000E+00  0.17440060E-02 -0.30937479E-02 -0.17372425E-02  0.00000000E+00
  0.56548668E+01 -0.53912682E-02 -0.15167460E+00 -0.10379878E-02  0.00000000E+00  0.15207680E-02 -0.74888233E-03 -0.10391881E-02  0.00000000E+00
  0.69115038E+01 -0.40690104E-02 -0.12923625E+00 -0.44224481E-03  0.00000000E+00  0.94749605E-03 -0.10769939E-02 -0.44263351E-03  0.00000000E+00
  0.81681409E+01 -0.34066595E-02 -0.11278245E+00 -0.38995835E-03  0.00000000E+00  0.41320019E-03 -0.33179235E-03 -0.39030918E-03  0.00000000E+00
  0.94247780E+01 -0.25177827E-02 -0.99175728E-01 -0.12137621E-03  0.00000000E+00  0.43518749E-03 -0.28565284E-03 -0.12145095E-03  0.00000000E+00
  0.10681415E+02 -0.21461417E-02 -0.87949554E-01 -0.94818304E-04  0.00000000E+00  0.17589839E-03  0.23504084E-03 -0.94872806E-04  0.00000000E+00
  0.11938052E+02 -0.18071422E-02 -0.79888565E-01 -0.87988239E-04  0.00000000E+00  0.10855140E-03 -0.12993962E-04 -0.88038203E-04  0.00000000E+00
  0.13194689E+02 -0.14509781E-02 -0.72606844E-01 -0.11941708E-03  0.00000000E+00  0.13123830E-03 -0.24616043E-03 -0.11946331E-03  0.00000000E+00
  0.14451326E+02 -0.94795040E-03 -0.66871472E-01 -0.59805640E-04  0.00000000E+00  0.39392595E-03 -0.16221132E-03 -0.59815338E-04  0.00000000E+00
  0.15707963E+02 -0.10054131E-02 -0.61245376E-01 -0.28179334E-04  0.00000000E+00  0.12021170E-03 -0.37089460E-04 -0.28184913E-04  0.00000000E+00
  0.16964600E+02 -0.80086245E-03 -0.57605985E-01 -0.25421822E-05  0.00000000E+00  0.19489745E-03 -0.18257757E-03 -0.25431401E-05  0.00000000E+00
  0.18221237E+02 -0.60955052E-03 -0.53562382E-01 -0.17748495E-04  0.00000000E+00  0.25126650E-03  0.49449767E-04 -0.17750507E-04  0.00000000E+00
  0.19477874E+02 -0.68729051E-03 -0.50574763E-01 -0.29219296E-04  0.00000000E+00  0.80201461E-04  0.53689387E-04 -0.29226135E-04  0.00000000E+00
  0.20734512E+02 -0.56600232E-03 -0.47434621E-01 -0.21153349E-04  0.00000000E+00  0.10911159E-03 -0.78905994E-04 -0.21155766E-04  0.00000000E+00
  0.21991149E+02 -0.50603995E-03 -0.44857701E-01 -0.24152012E-04  0.00000000E+00  0.97703261E-04  0.80265389E-05 -0.24153500E-04  0.00000000E+00
  0.23247786E+02 -0.38476001E-03 -0.42634979E-01 -0.61229847E-05  0.00000000E+00  0.16061765E-03 -0.40640695E-04 -0.61233996E-05  0.00000000E+00
  0.24504423E+02 -0.39028329E-03 -0.40169176E-01  0.40985002E-05  0.00000000E+00  0.93839481E-04 -0.20202619E-04  0.40989752E-05  0.00000000E+00
  0.25761060E+02 -0.25804569E-03 -0.38151186E-01 -0.18213834E-04  0.00000000E+00  0.17863324E-03 -0.43536396E-04 -0.18214316E-04  0.00000000E+00
  0.27017697E+02 -0.36187900E-03 -0.36705983E-01 -0.15435668E-04  0.00000000E+00  0.42363197E-04 -0.10239730E-04 -0.15436959E-04  0.00000000E+00
  0.28274334E+02 -0.25333511E-03 -0.34969608E-01 -0.78692335E-05  0.00000000E+00  0.11355222E-03 -0.10061098E-04 -0.78695904E-05  0.00000000E+00
  0.29530971E+02 -0.21764267E-03 -0.33309469E-01 -0.91405632E-05  0.00000000E+00  0.11523487E-03 -0.70967139E-06 -0.91403332E-05  0.00000000E+00
  0.30787608E+02 -0.30124342E-03 -0.32427885E-01 -0.15836318E-05  0.00000000E+00  0.14256952E-04  0.10524183E-04 -0.15845833E-05  0.00000000E+00
  0.32044245E+02 -0.26821084E-03 -0.30760460E-01  0.44472527E-05  0.00000000E+00  0.15674050E-04 -0.33934278E-04  0.44475932E-05  0.00000000E+00
  0.33300882E+02 -0.20270258E-03 -0.29777020E-01 -0.27317006E-05  0.00000000E+00  0.63314867E-04 -0.22485212E-04 -0.27317801E-05  0.00000000E+00
  0.34557519E+02 -0.78987748E-04 -0.28729068E-01  0.69247533E-05  0.00000000E+00  0.16861738E-03 -0.41238673E-04  0.69246188E-05  0.00000000E+00
  0.35814156E+02 -0.18152676E-03 -0.27909234E-01 -0.30297924E-04  0.00000000E+00  0.52163751E-04 -0.14581366E-05 -0.30299253E-04  0.00000000E+00
  0.37070793E+02 -0.17009924E-03 -0.26788645E-01 -0.71679935E-05  0.00000000E+00  0.45200619E-04 -0.23029224E-04 -0.71682517E-05  0.00000000E+00
  0.38327430E+02 -0.10484046E-03 -0.25886213E-01  0.15063494E-05  0.00000000E+00  0.96192738E-04 -0.14932012E-04  0.15063546E-05  0.00000000E+00
  0.39584067E+02 -0.11873103E-03 -0.25149014E-01 -0.11598714E-04  0.00000000E+00  0.71016893E-04 -0.68122459E-04 -0.11598906E-04  0.00000000E+00
 
 #Kx Ky(2pi/N)           2           1
  0.62831853E+00 -0.15430761E+00 -0.95880973E-01 -0.11448277E-01  0.00000000E+00  0.95901226E-01 -0.63832459E-01 -0.18711422E-01  0.00000000E+00
  0.18849556E+01 -0.14438750E+00 -0.12596895E+00 -0.41132475E-02  0.00000000E+00  0.39400458E-01 -0.21914608E-01 -0.63349253E-02  0.00000000E+00
  0.31415927E+01 -0.11137106E+00 -0.13248943E+00 -0.14426082E-02  0.00000000E+00  0.18614543E-01 -0.76376016E-02 -0.19673415E-02  0.00000000E+00
  0.43982297E+01 -0.84513739E-01 -0.12767971E+00 -0.85407448E-03  0.00000000E+00  0.89861459E-02 -0.41923439E-02 -0.10683370E-02  0.00000000E+00
  0.56548668E+01 -0.63628518E-01 -0.11772482E+00 -0.30625723E-03  0.00000000E+00  0.53809889E-02 -0.22086022E-02 -0.36033202E-03  0.00000000E+00
  0.69115038E+01 -0.49495299E-01 -0.10726420E+00 -0.15702478E-03  0.00000000E+00  0.27673561E-02 -0.16590688E-02 -0.17785307E-03  0.00000000E+00
  0.81681409E+01 -0.38206168E-01 -0.97016546E-01 -0.25139689E-03  0.00000000E+00  0.21308253E-02 -0.74899009E-03 -0.27637890E-03  0.00000000E+00
  0.94247780E+01 -0.30822815E-01 -0.88240162E-01 -0.18829471E-03  0.00000000E+00  0.14083366E-02 -0.57609886E-03 -0.20309693E-03  0.00000000E+00
  0.10681415E+02 -0.24773933E-01 -0.80792461E-01 -0.88184463E-05  0.00000000E+00  0.10880499E-02 -0.20863416E-03 -0.94014897E-05  0.00000000E+00
  0.11938052E+02 -0.20909514E-01 -0.74200668E-01 -0.10098130E-04  0.00000000E+00  0.72635368E-03 -0.20453769E-03 -0.10598105E-04  0.00000000E+00
  0.13194689E+02 -0.17473978E-01 -0.68764928E-01 -0.56007933E-04  0.00000000E+00  0.42897786E-03 -0.22942397E-03 -0.58391689E-04  0.00000000E+00
  0.14451326E+02 -0.14761940E-01 -0.63520949E-01 -0.69659933E-04  0.00000000E+00  0.44326401E-03 -0.20609068E-03 -0.72171867E-04  0.00000000E+00
  0.15707963E+02 -0.12845298E-01 -0.59057712E-01  0.10752071E-04  0.00000000E+00  0.35289621E-03 -0.50574346E-04  0.11092696E-04  0.00000000E+00
  0.16964600E+02 -0.11059515E-01 -0.55399223E-01 -0.24118763E-04  0.00000000E+00  0.36875694E-03 -0.57552073E-05 -0.24763498E-04  0.00000000E+00
  0.18221237E+02 -0.96313120E-02 -0.51786313E-01 -0.30966522E-04  0.00000000E+00  0.26850416E-03 -0.13073300E-03 -0.31684143E-04  0.00000000E+00
  0.19477874E+02 -0.85480419E-02 -0.48749414E-01 -0.17411068E-04  0.00000000E+00  0.27127485E-03  0.39140001E-04 -0.17769714E-04  0.00000000E+00
  0.20734512E+02 -0.75431059E-02 -0.46213737E-01 -0.22353737E-04  0.00000000E+00  0.20101952E-03 -0.63975938E-04 -0.22757055E-04  0.00000000E+00
  0.21991149E+02 -0.70664547E-02 -0.43827369E-01 -0.33257246E-04  0.00000000E+00  0.10101963E-03 -0.79500350E-04 -0.33824330E-04  0.00000000E+00
  0.23247786E+02 -0.61483075E-02 -0.41714820E-01 -0.21149826E-04  0.00000000E+00  0.18864682E-03  0.59946373E-04 -0.21460321E-04  0.00000000E+00
  0.24504423E+02 -0.54629237E-02 -0.39592358E-01 -0.14302153E-04  0.00000000E+00  0.15846227E-03  0.82383598E-05 -0.14484294E-04  0.00000000E+00
  0.25761060E+02 -0.49110085E-02 -0.37904721E-01  0.11952013E-06  0.00000000E+00  0.11163440E-03 -0.50369924E-04  0.12205595E-06  0.00000000E+00
  0.27017697E+02 -0.46768376E-02 -0.36099517E-01 -0.80473847E-05  0.00000000E+00  0.13547682E-03 -0.62054040E-04 -0.81383394E-05  0.00000000E+00
  0.28274334E+02 -0.41662239E-02 -0.34572330E-01 -0.21793413E-06  0.00000000E+00  0.72606144E-04 -0.18715392E-04 -0.21932028E-06  0.00000000E+00
  0.29530971E+02 -0.39023481E-02 -0.33305487E-01 -0.10757256E-05  0.00000000E+00  0.70100264E-04  0.36505011E-05 -0.10853725E-05  0.00000000E+00
  0.30787608E+02 -0.35558992E-02 -0.31855620E-01  0.87267064E-05  0.00000000E+00  0.89612180E-04 -0.25164334E-05  0.87994913E-05  0.00000000E+00
  0.32044245E+02 -0.33205581E-02 -0.30606344E-01 -0.21203189E-04  0.00000000E+00  0.91339024E-04  0.67941831E-05 -0.21368308E-04  0.00000000E+00
  0.33300882E+02 -0.31386153E-02 -0.29487758E-01 -0.12970623E-04  0.00000000E+00  0.87404820E-04 -0.28227914E-04 -0.13066655E-04  0.00000000E+00
  0.34557519E+02 -0.28755067E-02 -0.28508852E-01  0.72887701E-05  0.00000000E+00  0.76803277E-04 -0.51236907E-05  0.73394199E-05  0.00000000E+00
  0.35814156E+02 -0.27060648E-02 -0.27525006E-01 -0.16834535E-04  0.00000000E+00  0.11008806E-03 -0.74038244E-05 -0.16943549E-04  0.00000000E+00
  0.37070793E+02 -0.25660402E-02 -0.26668566E-01  0.72178739E-05  0.00000000E+00  0.59511878E-04  0.15022785E-04  0.72627312E-05  0.00000000E+00
  0.38327430E+02 -0.23912752E-02 -0.25812334E-01  0.29181182E-05  0.00000000E+00  0.63894144E-04 -0.14570671E-04  0.29348097E-05  0.00000000E+00
  0.39584067E+02 -0.21744263E-02 -0.24912794E-01 -0.48820071E-05  0.00000000E+00  0.93075114E-04  0.38114858E-04 -0.49070376E-05  0.00000000E+00
 
 #Kx Ky(2pi/N)           2           2
  0.62831853E+00 -0.11679809E+00 -0.25226116E-01  0.00000000E+00  0.00000000E+00  0.30669781E-01 -0.18816642E-01  0.00000000E+00  0.00000000E+00
  0.18849556E+01 -0.11184891E+00 -0.48069240E-01  0.00000000E+00  0.00000000E+00  0.22204490E-01 -0.13652216E-01  0.00000000E+00  0.00000000E+00
  0.31415927E+01 -0.10104068E+00 -0.62181739E-01  0.00000000E+00  0.00000000E+00  0.14139829E-01 -0.94000801E-02  0.00000000E+00  0.00000000E+00
  0.43982297E+01 -0.89121232E-01 -0.69257266E-01  0.00000000E+00  0.00000000E+00  0.80753221E-02 -0.55114058E-02  0.00000000E+00  0.00000000E+00
  0.56548668E+01 -0.75358112E-01 -0.72742884E-01  0.00000000E+00  0.00000000E+00  0.65228590E-02 -0.32313673E-02  0.00000000E+00  0.00000000E+00
  0.69115038E+01 -0.64408464E-01 -0.71890730E-01  0.00000000E+00  0.00000000E+00  0.28663055E-02 -0.17077968E-02  0.00000000E+00  0.00000000E+00
  0.81681409E+01 -0.53842537E-01 -0.70761949E-01  0.00000000E+00  0.00000000E+00  0.28556491E-02 -0.14642813E-02  0.00000000E+00  0.00000000E+00
  0.94247780E+01 -0.45605478E-01 -0.68203679E-01  0.00000000E+00  0.00000000E+00  0.20611771E-02 -0.10872944E-02  0.00000000E+00  0.00000000E+00
  0.10681415E+02 -0.38985042E-01 -0.64954201E-01  0.00000000E+00  0.00000000E+00  0.11598474E-02 -0.58744768E-03  0.00000000E+00  0.00000000E+00
  0.11938052E+02 -0.33561835E-01 -0.62389455E-01  0.00000000E+00  0.00000000E+00  0.86385108E-03 -0.67192108E-03  0.00000000E+00  0.00000000E+00
  0.13194689E+02 -0.28552239E-01 -0.58513412E-01  0.00000000E+00  0.00000000E+00  0.11222906E-02 -0.12234198E-03  0.00000000E+00  0.00000000E+00
  0.14451326E+02 -0.25160559E-01 -0.55623682E-01  0.00000000E+00  0.00000000E+00  0.44086749E-03 -0.16045337E-03  0.00000000E+00  0.00000000E+00
  0.15707963E+02 -0.22210103E-01 -0.52793808E-01  0.00000000E+00  0.00000000E+00  0.50142135E-03 -0.15131229E-03  0.00000000E+00  0.00000000E+00
  0.16964600E+02 -0.19092069E-01 -0.50386323E-01  0.00000000E+00  0.00000000E+00  0.68642478E-03 -0.12872119E-03  0.00000000E+00  0.00000000E+00
  0.18221237E+02 -0.17259800E-01 -0.47352432E-01  0.00000000E+00  0.00000000E+00  0.27217659E-03  0.77912291E-05  0.00000000E+00  0.00000000E+00
  0.19477874E+02 -0.15550117E-01 -0.45243424E-01  0.00000000E+00  0.00000000E+00  0.24844051E-03 -0.31393905E-04  0.00000000E+00  0.00000000E+00
  0.20734512E+02 -0.13799836E-01 -0.43092357E-01  0.00000000E+00  0.00000000E+00  0.31933141E-03 -0.46426886E-05  0.00000000E+00  0.00000000E+00
  0.21991149E+02 -0.12528471E-01 -0.41309363E-01  0.00000000E+00  0.00000000E+00  0.13159887E-03 -0.14619797E-03  0.00000000E+00  0.00000000E+00
  0.23247786E+02 -0.11431896E-01 -0.39702571E-01  0.00000000E+00  0.00000000E+00  0.12680259E-04 -0.18323928E-04  0.00000000E+00  0.00000000E+00
  0.24504423E+02 -0.10075159E-01 -0.37858701E-01  0.00000000E+00  0.00000000E+00  0.25505296E-03  0.30877031E-04  0.00000000E+00  0.00000000E+00
  0.25761060E+02 -0.93753348E-02 -0.36130214E-01  0.00000000E+00  0.00000000E+00 -0.32228565E-04 -0.41345681E-04  0.00000000E+00  0.00000000E+00
  0.27017697E+02 -0.85597232E-02 -0.34538710E-01  0.00000000E+00  0.00000000E+00  0.20751148E-03  0.49215766E-04  0.00000000E+00  0.00000000E+00
  0.28274334E+02 -0.77313201E-02 -0.33320310E-01  0.00000000E+00  0.00000000E+00  0.82421207E-04  0.92964334E-05  0.00000000E+00  0.00000000E+00
  0.29530971E+02 -0.73218712E-02 -0.32220018E-01  0.00000000E+00  0.00000000E+00  0.12495400E-03 -0.12990516E-03  0.00000000E+00  0.00000000E+00
  0.30787608E+02 -0.67843338E-02 -0.30909989E-01  0.00000000E+00  0.00000000E+00  0.11839555E-03  0.90856331E-04  0.00000000E+00  0.00000000E+00
  0.32044245E+02 -0.62841787E-02 -0.29864966E-01  0.00000000E+00  0.00000000E+00  0.75394490E-04 -0.62237418E-04  0.00000000E+00  0.00000000E+00
  0.33300882E+02 -0.57427953E-02 -0.28670957E-01  0.00000000E+00  0.00000000E+00  0.10180971E-03 -0.30629289E-04  0.00000000E+00  0.00000000E+00
  0.34557519E+02 -0.53015671E-02 -0.28020761E-01  0.00000000E+00  0.00000000E+00  0.17572372E-03  0.95815115E-04  0.00000000E+00  0.00000000E+00
  0.35814156E+02 -0.50486761E-02 -0.26933947E-01  0.00000000E+00  0.00000000E+00  0.59788694E-04 -0.34934576E-04  0.00000000E+00  0.00000000E+00
  0.37070793E+02 -0.47277600E-02 -0.26105425E-01  0.00000000E+00  0.00000000E+00  0.53230647E-04  0.75807062E-05  0.00000000E+00  0.00000000E+00
  0.38327430E+02 -0.44007727E-02 -0.25161483E-01  0.00000000E+00  0.00000000E+00  0.47338510E-04  0.10476094E-03  0.00000000E+00  0.00000000E+00
  0.39584067E+02 -0.40786250E-02 -0.24493677E-01  0.00000000E+00  0.00000000E+00  0.75705051E-04  0.82954147E-04  0.00000000E+00  0.00000000E+00
 
 #Kx Ky(2pi/N)           2           3
  0.62831853E+00 -0.15430761E+00 -0.95880973E-01 -0.11448277E-01  0.00000000E+00  0.95901226E-01 -0.63832459E-01 -0.18711422E-01  0.00000000E+00
  0.18849556E+01 -0.14438750E+00 -0.12596895E+00 -0.41132475E-02  0.00000000E+00  0.39400458E-01 -0.21914608E-01 -0.63349253E-02  0.00000000E+00
  0.31415927E+01 -0.11137106E+00 -0.13248943E+00 -0.14426082E-02  0.00000000E+00  0.18614543E-01 -0.76376016E-02 -0.19673415E-02  0.00000000E+00
  0.43982297E+01 -0.84513739E-01 -0.12767971E+00 -0.85407448E-03  0.00000000E+00  0.89861459E-02 -0.41923439E-02 -0.10683370E-02  0.00000000E+00
  0.56548668E+01 -0.63628518E-01 -0.11772482E+00 -0.30625723E-03  0.00000000E+00  0.53809889E-02 -0.22086022E-02 -0.36033202E-03  0.00000000E+00
  0.69115038E+01 -0.49495299E-01 -0.10726420E+00 -0.15702478E-03  0.00000000E+00  0.27673561E-02 -0.16590688E-02 -0.17785307E-03  0.00000000E+00
  0.81681409E+01 -0.38206168E-01 -0.97016546E-01 -0.25139689E-03  0.00000000E+00  0.21308253E-02 -0.74899009E-03 -0.27637890E-03  0.00000000E+00
  0.94247780E+01 -0.30822815E-01 -0.88240162E-01 -0.18829471E-03  0.00000000E+00  0.14083366E-02 -0.57609886E-03 -0.20309693E-03  0.00000000E+00
  0.10681415E+02 -0.24773933E-01 -0.80792461E-01 -0.88184463E-05  0.00000000E+00  0.10880499E-02 -0.20863416E-03 -0.94014897E-05  0.00000000E+00
  0.11938052E+02 -0.20909514E-01 -0.74200668E-01 -0.10098130E-04  0.00000000E+00  0.72635368E-03 -0.20453769E-03 -0.10598105E-04  0.00000000E+00
  0.13194689E+02 -0.17473978E-01 -0.68764928E-01 -0.56007933E-04  0.00000000E+00  0.42897786E-03 -0.22942397E-03 -0.58391689E-04  0.00000000E+00
  0.14451326E+02 -0.14761940E-01 -0.63520949E-01 -0.69659933E-04  0.00000000E+00  0.44326401E-03 -0.20609068E-03 -0.72171867E-04  0.00000000E+00
  0.15707963E+02 -0.12845298E-01 -0.59057712E-01  0.10752071E-04  0.00000000E+00  0.35289621E-03 -0.50574346E-04  0.11092696E-04  0.00000000E+00
  0.16964600E+02 -0.11059515E-01 -0.55399223E-01 -0.24118763E-04  0.00000000E+00  0.36875694E-03 -0.57552073E-05 -0.24763498E-04  0.00000000E+00
  0.18221237E+02 -0.96313120E-02 -0.51786313E-01 -0.30966522E-04  0.00000000E+00  0.26850416E-03 -0.13073300E-03 -0.31684143E-04  0.00000000E+00
  0.19477874E+02 -0.85480419E-02 -0.48749414E-01 -0.17411068E-04  0.00000000E+00  0.27127485E-03  0.39140001E-04 -0.17769714E-04  0.00000000E+00
  0.20734512E+02 -0.75431059E-02 -0.46213737E-01 -0.22353737E-04  0.00000000E+00  0.20101952E-03 -0.63975938E-04 -0.22757055E-04  0.00000000E+00
  0.21991149E+02 -0.70664547E-02 -0.43827369E-01 -0.33257246E-04  0.00000000E+00  0.10101963E-03 -0.79500350E-04 -0.33824330E-04  0.00000000E+00
  0.23247786E+02 -0.61483075E-02 -0.41714820E-01 -0.21149826E-04  0.00000000E+00  0.18864682E-03  0.59946373E-04 -0.21460321E-04  0.00000000E+00
  0.24504423E+02 -0.54629237E-02 -0.39592358E-01 -0.14302153E-04  0.00000000E+00  0.15846227E-03  0.82383598E-05 -0.14484294E-04  0.00000000E+00
  0.25761060E+02 -0.49110085E-02 -0.37904721E-01  0.11952013E-06  0.00000000E+00  0.11163440E-03 -0.50369924E-04  0.12205595E-06  0.00000000E+00
  0.27017697E+02 -0.46768376E-02 -0.36099517E-01 -0.80473847E-05  0.00000000E+00  0.13547682E-03 -0.62054040E-04 -0.81383394E-05  0.00000000E+00
  0.28274334E+02 -0.41662239E-02 -0.34572330E-01 -0.21793413E-06  0.00000000E+00  0.72606144E-04 -0.18715392E-04 -0.21932028E-06  0.00000000E+00
  0.29530971E+02 -0.39023481E-02 -0.33305487E-01 -0.10757256E-05  0.00000000E+00  0.70100264E-04  0.36505011E-05 -0.10853725E-05  0.00000000E+00
  0.30787608E+02 -0.35558992E-02 -0.31855620E-01  0.87267064E-05  0.00000000E+00  0.89612180E-04 -0.25164334E-05  0.87994913E-05  0.00000000E+00
  0.32044245E+02 -0.33205581E-02 -0.30606344E-01 -0.21203189E-04  0.00000000E+00  0.91339024E-04  0.67941831E-05 -0.21368308E-04  0.00000000E+00
  0.33300882E+02 -0.31386153E-02 -0.29487758E-01 -0.12970623E-04  0.00000000E+00  0.87404820E-04 -0.28227914E-04 -0.13066655E-04  0.00000000E+00
  0.34557519E+02 -0.28755067E-02 -0.28508852E-01  0.72887701E-05  0.00000000E+00  0.76803277E-04 -0.51236907E-05  0.73394199E-05  0.00000000E+00
  0.35814156E+02 -0.27060648E-02 -0.27525006E-01 -0.16834535E-04  0.00000000E+00  0.11008806E-03 -0.74038244E-05 -0.16943549E-04  0.00000000E+00
  0.37070793E+02 -0.25660402E-02 -0.26668566E-01  0.72178739E-05  0.00000000E+00  0.59511878E-04  0.15022785E-04  0.72627312E-05  0.00000000E+00
  0.38327430E+02 -0.23912752E-02 -0.25812334E-01  0.29181182E-05  0.00000000E+00  0.63894144E-04 -0.14570671E-04  0.29348097E-05  0.00000000E+00
  0.39584067E+02 -0.21744263E-02 -0.24912794E-01 -0.48820071E-05  0.00000000E+00  0.93075114E-04  0.38114858E-04 -0.49070376E-05  0.00000000E+00
 
 #Kx Ky(2pi/N)           3           0
  0.62831853E+00  0.50456289E+00 -0.51943147E+00 -0.13219026E-01  0.00000000E+00  0.82647973E-01 -0.47681521E-01 -0.35772205E-02  0.00000000E+00
  0.18849556E+01  0.12235743E+00 -0.34736315E+00 -0.29588323E-02  0.00000000E+00  0.17961745E-01 -0.35667573E-01 -0.17703028E-02  0.00000000E+00
  0.31415927E+01  0.53920168E-01 -0.24252515E+00 -0.15666970E-02  0.00000000E+00  0.34348033E-02 -0.13425474E-01 -0.12051201E-02  0.00000000E+00
  0.43982297E+01  0.31823497E-01 -0.18886983E+00 -0.73015859E-03  0.00000000E+00  0.30014246E-02 -0.47634356E-02 -0.61981690E-03  0.00000000E+00
  0.56548668E+01  0.19869912E-01 -0.15418484E+00 -0.28429515E-03  0.00000000E+00  0.17125700E-02 -0.20190611E-02 -0.25501846E-03  0.00000000E+00
  0.69115038E+01  0.13868568E-01 -0.13084418E+00 -0.55922736E-04  0.00000000E+00  0.17498786E-02 -0.12599893E-02 -0.51849071E-04  0.00000000E+00
  0.81681409E+01  0.97137183E-02 -0.11255738E+00 -0.99925933E-04  0.00000000E+00  0.10825357E-02 -0.51958025E-03 -0.94410461E-04  0.00000000E+00
  0.94247780E+01  0.72555244E-02 -0.99126797E-01 -0.80638306E-04  0.00000000E+00  0.62545113E-03 -0.35613852E-03 -0.77242434E-04  0.00000000E+00
  0.10681415E+02  0.53400215E-02 -0.88625198E-01 -0.10338479E-03  0.00000000E+00  0.58384100E-03 -0.14974708E-03 -0.10001738E-03  0.00000000E+00
  0.11938052E+02  0.44763598E-02 -0.80283032E-01 -0.43796402E-04  0.00000000E+00  0.44443945E-03 -0.24957397E-03 -0.42603713E-04  0.00000000E+00
  0.13194689E+02  0.32190694E-02 -0.72989816E-01  0.26526459E-04  0.00000000E+00  0.21043537E-03  0.40690839E-04  0.25973108E-04  0.00000000E+00
  0.14451326E+02  0.29517159E-02 -0.66732359E-01 -0.94076993E-05  0.00000000E+00  0.33831408E-03  0.10454718E-03 -0.92235394E-05  0.00000000E+00
  0.15707963E+02  0.26008011E-02 -0.61998680E-01 -0.88292325E-05  0.00000000E+00  0.29171007E-03 -0.14075175E-03 -0.86811032E-05  0.00000000E+00
  0.16964600E+02  0.20111636E-02 -0.57656131E-01  0.12800802E-04  0.00000000E+00  0.10154470E-03 -0.14752552E-04  0.12630707E-04  0.00000000E+00
  0.18221237E+02  0.19663061E-02 -0.53490412E-01 -0.15795527E-04  0.00000000E+00  0.32284574E-03  0.17689254E-04 -0.15607253E-04  0.00000000E+00
  0.19477874E+02  0.16109864E-02 -0.50403297E-01 -0.10441100E-04  0.00000000E+00  0.12386635E-03 -0.86671440E-04 -0.10333181E-04  0.00000000E+00
  0.20734512E+02  0.13484405E-02 -0.47425444E-01  0.67412134E-05  0.00000000E+00  0.15041291E-03 -0.15007608E-04  0.66818203E-05  0.00000000E+00
  0.21991149E+02  0.13710670E-02 -0.44882455E-01 -0.11234199E-04  0.00000000E+00  0.76466759E-04 -0.23699481E-05 -0.11137112E-04  0.00000000E+00
  0.23247786E+02  0.11473347E-02 -0.42676675E-01 -0.76754833E-05  0.00000000E+00  0.13111614E-03  0.28963612E-04 -0.76177987E-05  0.00000000E+00
  0.24504423E+02  0.94310527E-03 -0.40415267E-01 -0.57972662E-05  0.00000000E+00  0.10755414E-03 -0.40267943E-04 -0.57590632E-05  0.00000000E+00
  0.25761060E+02  0.72297999E-03 -0.38488153E-01  0.62344991E-05  0.00000000E+00  0.66849010E-04  0.15731373E-04  0.62029394E-05  0.00000000E+00
  0.27017697E+02  0.96546942E-03 -0.36618910E-01 -0.58259989E-05  0.00000000E+00  0.10597677E-03  0.37233377E-04 -0.57874052E-05  0.00000000E+00
  0.28274334E+02  0.63654756E-03 -0.35099193E-01 -0.16395954E-04  0.00000000E+00  0.30417463E-04 -0.40886851E-04 -0.16318307E-04  0.00000000E+00
  0.29530971E+02  0.72213114E-03 -0.33791433E-01  0.11103011E-04  0.00000000E+00  0.11797915E-03 -0.14508564E-04  0.11052133E-04  0.00000000E+00
  0.30787608E+02  0.60027603E-03 -0.32235479E-01 -0.17038776E-05  0.00000000E+00  0.29252425E-04  0.18945840E-04 -0.16982057E-05  0.00000000E+00
  0.32044245E+02  0.65387370E-03 -0.30936822E-01 -0.37920444E-05  0.00000000E+00  0.76366673E-04  0.44636070E-04 -0.37763077E-05  0.00000000E+00
  0.33300882E+02  0.63797984E-03 -0.29806287E-01  0.35457779E-05  0.00000000E+00  0.42940291E-04 -0.96083048E-05  0.35319855E-05  0.00000000E+00
  0.34557519E+02  0.53267732E-03 -0.28775668E-01 -0.22103588E-05  0.00000000E+00  0.37033498E-04  0.21923789E-04 -0.22019539E-05  0.00000000E+00
  0.35814156E+02  0.58502435E-03 -0.27816921E-01  0.31988840E-05  0.00000000E+00  0.61368988E-04 -0.25162427E-04  0.31873473E-05  0.00000000E+00
  0.37070793E+02  0.51558964E-03 -0.26908098E-01 -0.37132280E-05  0.00000000E+00  0.39009726E-04  0.23914117E-04 -0.37023420E-05  0.00000000E+00
  0.38327430E+02  0.46815620E-03 -0.25988965E-01 -0.15786656E-05  0.00000000E+00  0.22255180E-04  0.31562437E-04 -0.15736744E-05  0.00000000E+00
  0.39584067E+02  0.45363084E-03 -0.25144374E-01  0.10818504E-05  0.00000000E+00  0.62611764E-04  0.44561331E-05  0.10782321E-05  0.00000000E+00
 
 #Kx Ky(2pi/N)           3           1
  0.62831853E+00 -0.22778632E+00 -0.67861332E+00  0.27105054E-19  0.00000000E+00  0.36802238E+00 -0.24489421E+00 -0.10164395E-18  0.00000000E+00
  0.18849556E+01 -0.10559188E+00 -0.30419153E+00 -0.33881318E-20  0.00000000E+00  0.54482265E-01 -0.55578449E-01  0.67762636E-20  0.00000000E+00
  0.31415927E+01 -0.65491931E-01 -0.21997884E+00  0.33881318E-20  0.00000000E+00  0.14669966E-01 -0.13025969E-01 -0.33881318E-20  0.00000000E+00
  0.43982297E+01 -0.43567976E-01 -0.17588969E+00  0.33881318E-20  0.00000000E+00  0.60250592E-02 -0.40948577E-02  0.00000000E+00  0.00000000E+00
  0.56548668E+01 -0.30023450E-01 -0.14592021E+00 -0.16940659E-20  0.00000000E+00  0.34026040E-02 -0.14392012E-02  0.67762636E-20  0.00000000E+00
  0.69115038E+01 -0.22420924E-01 -0.12679154E+00  0.84703295E-21  0.00000000E+00  0.25226923E-02 -0.11286081E-02 -0.84703295E-21  0.00000000E+00
  0.81681409E+01 -0.17182521E-01 -0.11044998E+00  0.00000000E+00  0.00000000E+00  0.15964136E-02 -0.58332068E-03 -0.84703295E-21  0.00000000E+00
  0.94247780E+01 -0.13245211E-01 -0.97508537E-01  0.16940659E-20  0.00000000E+00  0.13032780E-02 -0.18119245E-03  0.00000000E+00  0.00000000E+00
  0.10681415E+02 -0.10634315E-01 -0.87340819E-01  0.25410988E-20  0.00000000E+00  0.99237997E-03 -0.21572584E-03  0.00000000E+00  0.00000000E+00
  0.11938052E+02 -0.89272427E-02 -0.79468295E-01  0.00000000E+00  0.00000000E+00  0.67344676E-03 -0.13708713E-03  0.16940659E-20  0.00000000E+00
  0.13194689E+02 -0.74323071E-02 -0.72143499E-01  0.63527471E-21  0.00000000E+00  0.46236617E-03 -0.15932577E-03  0.10587912E-20  0.00000000E+00
  0.14451326E+02 -0.63063962E-02 -0.66150489E-01  0.00000000E+00  0.00000000E+00  0.31995834E-03 -0.16232333E-03  0.16940659E-20  0.00000000E+00
  0.15707963E+02 -0.52316222E-02 -0.61129610E-01 -0.42351647E-21  0.00000000E+00  0.41771164E-03  0.19557882E-04  0.00000000E+00  0.00000000E+00
  0.16964600E+02 -0.46515502E-02 -0.57109410E-01  0.00000000E+00  0.00000000E+00  0.27494957E-03 -0.14628030E-03  0.00000000E+00  0.00000000E+00
  0.18221237E+02 -0.40403040E-02 -0.53336965E-01  0.42351647E-21  0.00000000E+00  0.25289182E-03  0.23782861E-05  0.00000000E+00  0.00000000E+00
  0.19477874E+02 -0.36017042E-02 -0.50033955E-01  0.10587912E-21  0.00000000E+00  0.17374400E-03 -0.51682450E-04  0.00000000E+00  0.00000000E+00
  0.20734512E+02 -0.31193196E-02 -0.46886242E-01  0.31763736E-21  0.00000000E+00  0.19360178E-03 -0.14485251E-03  0.31763736E-21  0.00000000E+00
  0.21991149E+02 -0.29318334E-02 -0.44802621E-01  0.21175824E-21  0.00000000E+00  0.92365217E-04  0.43662018E-04  0.26469780E-21  0.00000000E+00
  0.23247786E+02 -0.26064196E-02 -0.42407675E-01  0.00000000E+00  0.00000000E+00  0.10176740E-03 -0.10218497E-04  0.42351647E-21  0.00000000E+00
  0.24504423E+02 -0.23498583E-02 -0.40446279E-01  0.00000000E+00  0.00000000E+00  0.11265531E-03 -0.38681813E-04 -0.16940659E-20  0.00000000E+00
  0.25761060E+02 -0.20948437E-02 -0.38261421E-01  0.00000000E+00  0.00000000E+00  0.10796394E-03 -0.24013334E-05  0.84703295E-21  0.00000000E+00
  0.27017697E+02 -0.18985241E-02 -0.36701182E-01  0.00000000E+00  0.00000000E+00  0.12769016E-03 -0.59061895E-04  0.42351647E-21  0.00000000E+00
  0.28274334E+02 -0.18776895E-02 -0.35036455E-01  0.25410988E-20  0.00000000E+00 -0.31153977E-04  0.59418332E-05  0.84703295E-21  0.00000000E+00
  0.29530971E+02 -0.15888122E-02 -0.33707445E-01  0.26469780E-21  0.00000000E+00  0.11954786E-03 -0.25701014E-05 -0.21175824E-21  0.00000000E+00
  0.30787608E+02 -0.15069949E-02 -0.32247761E-01 -0.10587912E-21  0.00000000E+00  0.56416385E-04 -0.43831415E-04  0.10587912E-21  0.00000000E+00
  0.32044245E+02 -0.13414982E-02 -0.30765117E-01  0.21175824E-21  0.00000000E+00  0.81095264E-04  0.55771079E-04 -0.21175824E-21  0.00000000E+00
  0.33300882E+02 -0.12451551E-02 -0.29791114E-01 -0.42351647E-21  0.00000000E+00  0.88592739E-04 -0.65734107E-04 -0.21175824E-21  0.00000000E+00
  0.34557519E+02 -0.11759987E-02 -0.28711929E-01  0.52939559E-22  0.00000000E+00  0.62750339E-04  0.70572710E-06  0.66174449E-22  0.00000000E+00
  0.35814156E+02 -0.10927077E-02 -0.27770492E-01 -0.52939559E-22  0.00000000E+00  0.65985578E-04  0.15744100E-04  0.15881868E-21  0.00000000E+00
  0.37070793E+02 -0.10226297E-02 -0.26854400E-01 -0.42351647E-21  0.00000000E+00  0.60766566E-04  0.14893589E-04 -0.42351647E-21  0.00000000E+00
  0.38327430E+02 -0.92555733E-03 -0.25950209E-01  0.00000000E+00  0.00000000E+00  0.85956301E-04 -0.17548280E-04  0.00000000E+00  0.00000000E+00
  0.39584067E+02 -0.90668410E-03 -0.25180797E-01  0.00000000E+00  0.00000000E+00  0.45708925E-04  0.53287440E-04  0.79409339E-22  0.00000000E+00
 
 #Kx Ky(2pi/N)           3           2
  0.62831853E+00 -0.15430761E+00 -0.95880973E-01  0.11448277E-01  0.00000000E+00  0.95901226E-01 -0.63832459E-01  0.18711422E-01  0.00000000E+00
  0.18849556E+01 -0.14438750E+00 -0.12596895E+00  0.41132475E-02  0.00000000E+00  0.39400458E-01 -0.21914608E-01  0.63349253E-02  0.00000000E+00
  0.31415927E+01 -0.11137106E+00 -0.13248943E+00  0.14426082E-02  0.00000000E+00  0.18614543E-01 -0.76376016E-02  0.19673415E-02  0.00000000E+00
  0.43982297E+01 -0.84513739E-01 -0.12767971E+00  0.85407448E-03  0.00000000E+00  0.89861459E-02 -0.41923439E-02  0.10683370E-02  0.00000000E+00
  0.56548668E+01 -0.63628518E-01 -0.11772482E+00  0.30625723E-03  0.00000000E+00  0.53809889E-02 -0.22086022E-02  0.36033202E-03  0.00000000E+00
  0.69115038E+01 -0.49495299E-01 -0.10726420E+00  0.15702478E-03  0.00000000E+00  0.27673561E-02 -0.16590688E-02  0.17785307E-03  0.00000000E+00
  0.81681409E+01 -0.38206168E-01 -0.97016546E-01  0.25139689E-03  0.00000000E+00  0.21308253E-02 -0.74899009E-03  0.27637890E-03  0.00000000E+00
  0.94247780E+01 -0.30822815E-01 -0.88240162E-01  0.18829471E-03  0.00000000E+00  0.14083366E-02 -0.57609886E-03  0.20309693E-03  0.00000000E+00
  0.10681415E+02 -0.24773933E-01 -0.80792461E-01  0.88184463E-05  0.00000000E+00  0.10880499E-02 -0.20863416E-03  0.94014897E-05  0.00000000E+00
  0.11938052E+02 -0.20909514E-01 -0.74200668E-01  0.10098130E-04  0.00000000E+00  0.72635368E-03 -0.20453769E-03  0.10598105E-04  0.00000000E+00
  0.13194689E+02 -0.17473978E-01 -0.68764928E-01  0.56007933E-04  0.00000000E+00  0.42897786E-03 -0.22942397E-03  0.58391689E-04  0.00000000E+00
  0.14451326E+02 -0.14761940E-01 -0.63520949E-01  0.69659933E-04  0.00000000E+00  0.44326401E-03 -0.20609068E-03  0.72171867E-04  0.00000000E+00
  0.15707963E+02 -0.12845298E-01 -0.59057712E-01 -0.10752071E-04  0.00000000E+00  0.35289621E-03 -0.50574346E-04 -0.11092696E-04  0.00000000E+00
  0.16964600E+02 -0.11059515E-01 -0.55399223E-01  0.24118763E-04  0.00000000E+00  0.36875694E-03 -0.57552073E-05  0.24763498E-04  0.00000000E+00
  0.18221237E+02 -0.96313120E-02 -0.51786313E-01  0.30966522E-04  0.00000000E+00  0.26850416E-03 -0.13073300E-03  0.31684143E-04  0.00000000E+00
  0.19477874E+02 -0.85480419E-02 -0.48749414E-01  0.17411068E-04  0.00000000E+00  0.27127485E-03  0.39140001E-04  0.17769714E-04  0.00000000E+00
  0.20734512E+02 -0.75431059E-02 -0.46213737E-01  0.22353737E-04  0.00000000E+00  0.20101952E-03 -0.63975938E-04  0.22757055E-04  0.00000000E+00
  0.21991149E+02 -0.70664547E-02 -0.43827369E-01  0.33257246E-04  0.00000000E+00  0.10101963E-03 -0.79500350E-04  0.33824330E-04  0.00000000E+00
  0.23247786E+02 -0.61483075E-02 -0.41714820E-01  0.21149826E-04  0.00000000E+00  0.18864682E-03  0.59946373E-04  0.21460321E-04  0.00000000E+00
  0.24504423E+02 -0.54629237E-02 -0.39592358E-01  0.14302153E-04  0.00000000E+00  0.15846227E-03  0.82383598E-05  0.14484294E-04  0.00000000E+00
  0.25761060E+02 -0.49110085E-02 -0.37904721E-01 -0.11952013E-06  0.00000000E+00  0.11163440E-03 -0.50369924E-04 -0.12205595E-06  0.00000000E+00
  0.27017697E+02 -0.46768376E-02 -0.36099517E-01  0.80473847E-05  0.00000000E+00  0.13547682E-03 -0.62054040E-04  0.81383394E-05  0.00000000E+00
  0.28274334E+02 -0.41662239E-02 -0.34572330E-01  0.21793413E-06  0.00000000E+00  0.72606144E-04 -0.18715392E-04  0.21932028E-06  0.00000000E+00
  0.29530971E+02 -0.39023481E-02 -0.33305487E-01  0.10757256E-05  0.00000000E+00  0.70100264E-04  0.36505011E-05  0.10853725E-05  0.00000000E+00
  0.30787608E+02 -0.35558992E-02 -0.31855620E-01 -0.87267064E-05  0.00000000E+00  0.89612180E-04 -0.25164334E-05 -0.87994913E-05  0.00000000E+00
  0.32044245E+02 -0.33205581E-02 -0.30606344E-01  0.21203189E-04  0.00000000E+00  0.91339024E-04  0.67941831E-05  0.21368308E-04  0.00000000E+00
  0.33300882E+02 -0.31386153E-02 -0.29487758E-01  0.12970623E-04  0.00000000E+00  0.87404820E-04 -0.28227914E-04  0.13066655E-04  0.00000000E+00
  0.34557519E+02 -0.28755067E-02 -0.28508852E-01 -0.72887701E-05  0.00000000E+00  0.76803277E-04 -0.51236907E-05 -0.73394199E-05  0.00000000E+00
  0.35814156E+02 -0.27060648E-02 -0.27525006E-01  0.16834535E-04  0.00000000E+00  0.11008806E-03 -0.74038244E-05  0.16943549E-04  0.00000000E+00
  0.37070793E+02 -0.25660402E-02 -0.26668566E-01 -0.72178739E-05  0.00000000E+00  0.59511878E-04  0.15022785E-04 -0.72627312E-05  0.00000000E+00
  0.38327430E+02 -0.23912752E-02 -0.25812334E-01 -0.29181182E-05  0.00000000E+00  0.63894144E-04 -0.14570671E-04 -0.29348097E-05  0.00000000E+00
  0.39584067E+02 -0.21744263E-02 -0.24912794E-01  0.48820071E-05  0.00000000E+00  0.93075114E-04  0.38114858E-04  0.49070376E-05  0.00000000E+00
 
 #Kx Ky(2pi/N)           3           3
  0.62831853E+00 -0.22778632E+00 -0.67861332E+00  0.54210109E-19  0.00000000E+00  0.36802238E+00 -0.24489421E+00  0.67762636E-19  0.00000000E+00
  0.18849556E+01 -0.10559188E+00 -0.30419153E+00  0.00000000E+00  0.00000000E+00  0.54482265E-01 -0.55578449E-01  0.00000000E+00  0.00000000E+00
  0.31415927E+01 -0.65491931E-01 -0.21997884E+00  0.00000000E+00  0.00000000E+00  0.14669966E-01 -0.13025969E-01  0.00000000E+00  0.00000000E+00
  0.43982297E+01 -0.43567976E-01 -0.17588969E+00 -0.42351647E-21  0.00000000E+00  0.60250592E-02 -0.40948577E-02 -0.10587912E-21  0.00000000E+00
  0.56548668E+01 -0.30023450E-01 -0.14592021E+00 -0.16940659E-20  0.00000000E+00  0.34026040E-02 -0.14392012E-02  0.33881318E-20  0.00000000E+00
  0.69115038E+01 -0.22420924E-01 -0.12679154E+00  0.00000000E+00  0.00000000E+00  0.25226923E-02 -0.11286081E-02  0.00000000E+00  0.00000000E+00
  0.81681409E+01 -0.17182521E-01 -0.11044998E+00  0.00000000E+00  0.00000000E+00  0.15964136E-02 -0.58332068E-03 -0.42351647E-21  0.00000000E+00
  0.94247780E+01 -0.13245211E-01 -0.97508537E-01  0.00000000E+00  0.00000000E+00  0.13032780E-02 -0.18119245E-03 -0.33881318E-20  0.00000000E+00
  0.10681415E+02 -0.10634315E-01 -0.87340819E-01  0.16940659E-20  0.00000000E+00  0.99237997E-03 -0.21572584E-03 -0.16940659E-20  0.00000000E+00
  0.11938052E+02 -0.89272427E-02 -0.79468295E-01  0.00000000E+00  0.00000000E+00  0.67344676E-03 -0.13708713E-03  0.00000000E+00  0.00000000E+00
  0.13194689E+02 -0.74323071E-02 -0.72143499E-01  0.00000000E+00  0.00000000E+00  0.46236617E-03 -0.15932577E-03  0.00000000E+00  0.00000000E+00
  0.14451326E+02 -0.63063962E-02 -0.66150489E-01 -0.42351647E-21  0.00000000E+00  0.31995834E-03 -0.16232333E-03 -0.16940659E-20  0.00000000E+00
  0.15707963E+02 -0.52316222E-02 -0.61129610E-01  0.42351647E-21  0.00000000E+00  0.41771164E-03  0.19557882E-04 -0.16940659E-20  0.00000000E+00
  0.16964600E+02 -0.46515502E-02 -0.57109410E-01 -0.16940659E-20  0.00000000E+00  0.27494957E-03 -0.14628030E-03  0.16940659E-20  0.00000000E+00
  0.18221237E+02 -0.40403040E-02 -0.53336965E-01  0.00000000E+00  0.00000000E+00  0.25289182E-03  0.23782861E-05  0.42351647E-21  0.00000000E+00
  0.19477874E+02 -0.36017042E-02 -0.50033955E-01  0.13234890E-21  0.00000000E+00  0.17374400E-03 -0.51682450E-04  0.52939559E-22  0.00000000E+00
  0.20734512E+02 -0.31193196E-02 -0.46886242E-01  0.00000000E+00  0.00000000E+00  0.19360178E-03 -0.14485251E-03  0.00000000E+00  0.00000000E+00
  0.21991149E+02 -0.29318334E-02 -0.44802621E-01 -0.42351647E-21  0.00000000E+00  0.92365217E-04  0.43662018E-04 -0.21175824E-21  0.00000000E+00
  0.23247786E+02 -0.26064196E-02 -0.42407675E-01  0.21175824E-21  0.00000000E+00  0.10176740E-03 -0.10218497E-04  0.21175824E-21  0.00000000E+00
  0.24504423E+02 -0.23498583E-02 -0.40446279E-01  0.00000000E+00  0.00000000E+00  0.11265531E-03 -0.38681813E-04  0.00000000E+00  0.00000000E+00
  0.25761060E+02 -0.20948437E-02 -0.38261421E-01  0.00000000E+00  0.00000000E+00  0.10796394E-03 -0.24013334E-05  0.00000000E+00  0.00000000E+00
  0.27017697E+02 -0.18985241E-02 -0.36701182E-01 -0.21175824E-21  0.00000000E+00  0.12769016E-03 -0.59061895E-04  0.00000000E+00  0.00000000E+00
  0.28274334E+02 -0.18776895E-02 -0.35036455E-01 -0.84703295E-21  0.00000000E+00 -0.31153977E-04  0.59418332E-05 -0.84703295E-21  0.00000000E+00
  0.29530971E+02 -0.15888122E-02 -0.33707445E-01  0.84703295E-21  0.00000000E+00  0.11954786E-03 -0.25701014E-05  0.00000000E+00  0.00000000E+00
  0.30787608E+02 -0.15069949E-02 -0.32247761E-01  0.00000000E+00  0.00000000E+00  0.56416385E-04 -0.43831415E-04  0.00000000E+00  0.00000000E+00
  0.32044245E+02 -0.13414982E-02 -0.30765117E-01  0.00000000E+00  0.00000000E+00  0.81095264E-04  0.55771079E-04  0.00000000E+00  0.00000000E+00
  0.33300882E+02 -0.12451551E-02 -0.29791114E-01 -0.42351647E-21  0.00000000E+00  0.88592739E-04 -0.65734107E-04  0.15881868E-21  0.00000000E+00
  0.34557519E+02 -0.11759987E-02 -0.28711929E-01  0.10587912E-21  0.00000000E+00  0.62750339E-04  0.70572710E-06  0.10587912E-21  0.00000000E+00
  0.35814156E+02 -0.10927077E-02 -0.27770492E-01  0.10587912E-21  0.00000000E+00  0.65985578E-04  0.15744100E-04  0.00000000E+00  0.00000000E+00
  0.37070793E+02 -0.10226297E-02 -0.26854400E-01  0.10587912E-21  0.00000000E+00  0.60766566E-04  0.14893589E-04  0.15881868E-21  0.00000000E+00
  0.38327430E+02 -0.92555733E-03 -0.25950209E-01  0.00000000E+00  0.00000000E+00  0.85956301E-04 -0.17548280E-04  0.42351647E-21  0.00000000E+00
  0.39584067E+02 -0.90668410E-03 -0.25180797E-01  0.00000000E+00  0.00000000E+00  0.45708925E-04  0.53287440E-04  0.21175824E-21  0.00000000E+00
 
