  0.50000000E+00 -0.14581470E+00  0.62392447E-21  0.30018334E-19  0.36159805E-01  0.70927151E-20
  0.39890407E+00 -0.11157586E+00 -0.96447424E-02 -0.95322344E-02  0.34908692E-01  0.46489181E-02
  0.32283202E+00 -0.86461996E-01 -0.15209789E-01 -0.15342383E-01  0.32580694E-01  0.90074704E-02
  0.26496996E+00 -0.67467431E-01 -0.18172586E-01 -0.18228297E-01  0.29370173E-01  0.12758821E-01
  0.22009070E+00 -0.53227702E-01 -0.19155163E-01 -0.19460891E-01  0.26106406E-01  0.15668651E-01
  0.18395185E+00 -0.42233231E-01 -0.18936790E-01 -0.19567924E-01  0.22796853E-01  0.17731609E-01
  0.15512524E+00 -0.33673172E-01 -0.18362682E-01 -0.18989490E-01  0.19784973E-01  0.19018738E-01
  0.13218395E+00 -0.27173439E-01 -0.17547975E-01 -0.18031108E-01  0.17073624E-01  0.19880409E-01
  0.11313963E+00 -0.22046427E-01 -0.16286342E-01 -0.17024866E-01  0.14581016E-01  0.20467435E-01
  0.97325839E-01 -0.17959711E-01 -0.15193089E-01 -0.15979798E-01  0.12461355E-01  0.20702574E-01
  0.83983377E-01 -0.14718917E-01 -0.13947703E-01 -0.14775136E-01  0.10601215E-01  0.20589468E-01
  0.73173523E-01 -0.12161700E-01 -0.12857803E-01 -0.13515910E-01  0.89959219E-02  0.20000499E-01
  0.63811023E-01 -0.10000448E-01 -0.11654712E-01 -0.12432740E-01  0.75891449E-02  0.19291189E-01
  0.55599504E-01 -0.82648953E-02 -0.10623692E-01 -0.11353533E-01  0.64166699E-02  0.18363856E-01
  0.49477315E-01 -0.68864208E-02 -0.96760561E-02 -0.10307988E-01  0.55128801E-02  0.17574566E-01
  0.43645724E-01 -0.57974131E-02 -0.88367360E-02 -0.93180795E-02  0.46406266E-02  0.16554775E-01
  0.38511245E-01 -0.47526636E-02 -0.78386461E-02 -0.84976687E-02  0.38190395E-02  0.15433457E-01
  0.34094789E-01 -0.39743128E-02 -0.70887082E-02 -0.76699611E-02  0.32638923E-02  0.14494827E-01
  0.30383323E-01 -0.33381686E-02 -0.64193673E-02 -0.71369717E-02  0.27683709E-02  0.13720772E-01
  0.27383466E-01 -0.27355492E-02 -0.58839513E-02 -0.65552466E-02  0.23299207E-02  0.12973155E-01
  0.24708673E-01 -0.23009319E-02 -0.54805456E-02 -0.59802302E-02  0.19948019E-02  0.11983521E-01
  0.22529273E-01 -0.19490661E-02 -0.49697630E-02 -0.55266546E-02  0.16902744E-02  0.11629034E-01
  0.20667146E-01 -0.15079317E-02 -0.47186195E-02 -0.51317017E-02  0.14162737E-02  0.11022247E-01
  0.18705305E-01 -0.11886256E-02 -0.45700211E-02 -0.47595485E-02  0.11551422E-02  0.10477845E-01
  0.17311690E-01 -0.10786471E-02 -0.41140002E-02 -0.44422385E-02  0.99162342E-03  0.98128197E-02
  0.16189652E-01 -0.90589187E-03 -0.39847217E-02 -0.41842211E-02  0.86302436E-03  0.91371284E-02
  0.15123459E-01 -0.75818707E-03 -0.38292288E-02 -0.38642518E-02  0.73455478E-03  0.87473639E-02
  0.14094510E-01 -0.61059494E-03 -0.37353620E-02 -0.37610685E-02  0.60070504E-03  0.87694281E-02
  0.13390497E-01 -0.33792302E-03 -0.33898315E-02 -0.35574550E-02  0.43084413E-03  0.82911845E-02
  0.13020268E-01 -0.28827157E-03 -0.31275864E-02 -0.35093597E-02  0.31325745E-03  0.82267402E-02
  0.12633100E-01 -0.19703376E-03 -0.30601910E-02 -0.35343977E-02  0.12023368E-03  0.80722516E-02
  0.12288820E-01 -0.16661422E-04 -0.30300623E-02 -0.33616603E-02 -0.80443749E-05  0.77745517E-02
  0.11991750E-01  0.20639556E-19 -0.28656192E-02 -0.34707166E-02  0.23504719E-19  0.75703347E-02
  0.12288820E-01  0.16661422E-04 -0.30300623E-02 -0.33616603E-02  0.80443749E-05  0.77745517E-02
  0.12633100E-01  0.19703376E-03 -0.30601910E-02 -0.35343977E-02 -0.12023368E-03  0.80722516E-02
  0.13020268E-01  0.28827157E-03 -0.31275864E-02 -0.35093597E-02 -0.31325745E-03  0.82267402E-02
  0.13390497E-01  0.33792302E-03 -0.33898315E-02 -0.35574550E-02 -0.43084413E-03  0.82911845E-02
  0.14094510E-01  0.61059494E-03 -0.37353620E-02 -0.37610685E-02 -0.60070504E-03  0.87694281E-02
  0.15123459E-01  0.75818707E-03 -0.38292288E-02 -0.38642518E-02 -0.73455478E-03  0.87473639E-02
  0.16189652E-01  0.90589187E-03 -0.39847217E-02 -0.41842211E-02 -0.86302436E-03  0.91371284E-02
  0.17311690E-01  0.10786471E-02 -0.41140002E-02 -0.44422385E-02 -0.99162342E-03  0.98128197E-02
  0.18705305E-01  0.11886256E-02 -0.45700211E-02 -0.47595485E-02 -0.11551422E-02  0.10477845E-01
  0.20667146E-01  0.15079317E-02 -0.47186195E-02 -0.51317017E-02 -0.14162737E-02  0.11022247E-01
  0.22529273E-01  0.19490661E-02 -0.49697630E-02 -0.55266546E-02 -0.16902744E-02  0.11629034E-01
  0.24708673E-01  0.23009319E-02 -0.54805456E-02 -0.59802302E-02 -0.19948019E-02  0.11983521E-01
  0.27383466E-01  0.27355492E-02 -0.58839513E-02 -0.65552466E-02 -0.23299207E-02  0.12973155E-01
  0.30383323E-01  0.33381686E-02 -0.64193673E-02 -0.71369717E-02 -0.27683709E-02  0.13720772E-01
  0.34094789E-01  0.39743128E-02 -0.70887082E-02 -0.76699611E-02 -0.32638923E-02  0.14494827E-01
  0.38511245E-01  0.47526636E-02 -0.78386461E-02 -0.84976687E-02 -0.38190395E-02  0.15433457E-01
  0.43645724E-01  0.57974131E-02 -0.88367360E-02 -0.93180795E-02 -0.46406266E-02  0.16554775E-01
  0.49477315E-01  0.68864208E-02 -0.96760561E-02 -0.10307988E-01 -0.55128801E-02  0.17574566E-01
  0.55599504E-01  0.82648953E-02 -0.10623692E-01 -0.11353533E-01 -0.64166699E-02  0.18363856E-01
  0.63811023E-01  0.10000448E-01 -0.11654712E-01 -0.12432740E-01 -0.75891449E-02  0.19291189E-01
  0.73173523E-01  0.12161700E-01 -0.12857803E-01 -0.13515910E-01 -0.89959219E-02  0.20000499E-01
  0.83983377E-01  0.14718917E-01 -0.13947703E-01 -0.14775136E-01 -0.10601215E-01  0.20589468E-01
  0.97325839E-01  0.17959711E-01 -0.15193089E-01 -0.15979798E-01 -0.12461355E-01  0.20702574E-01
  0.11313963E+00  0.22046427E-01 -0.16286342E-01 -0.17024866E-01 -0.14581016E-01  0.20467435E-01
  0.13218395E+00  0.27173439E-01 -0.17547975E-01 -0.18031108E-01 -0.17073624E-01  0.19880409E-01
  0.15512524E+00  0.33673172E-01 -0.18362682E-01 -0.18989490E-01 -0.19784973E-01  0.19018738E-01
  0.18395185E+00  0.42233231E-01 -0.18936790E-01 -0.19567924E-01 -0.22796853E-01  0.17731609E-01
  0.22009070E+00  0.53227702E-01 -0.19155163E-01 -0.19460891E-01 -0.26106406E-01  0.15668651E-01
  0.26496996E+00  0.67467431E-01 -0.18172586E-01 -0.18228297E-01 -0.29370173E-01  0.12758821E-01
  0.32283202E+00  0.86461996E-01 -0.15209789E-01 -0.15342383E-01 -0.32580694E-01  0.90074704E-02
  0.39890407E+00  0.11157586E+00 -0.96447424E-02 -0.95322344E-02 -0.34908692E-01  0.46489181E-02
