#         E                     Re Gloc                    Im Gloc
-8.000000000000000000e+00 -1.750165016808198915e-01 0.000000000000000000e+00
-7.983983983983984345e+00 -1.761418532986164798e-01 -3.839494759852422889e-03
-7.967967967967968690e+00 -1.753602782050251718e-01 -4.045749497262258673e-03
-7.951951951951951258e+00 -1.760147387747643122e-01 -5.382497034517445302e-03
-7.935935935935935603e+00 -1.764756696252404167e-01 -6.388384689337946523e-03
-7.919919919919919948e+00 -1.768722234196140608e-01 -6.629127846879388081e-03
-7.903903903903904293e+00 -1.763794351600215249e-01 -7.079726082363621727e-03
-7.887887887887888638e+00 -1.773616125590611048e-01 -6.008993217226450169e-03
-7.871871871871871207e+00 -1.790091270042005189e-01 -7.386569929671258326e-03
-7.855855855855855552e+00 -1.792132348753424642e-01 -8.084534181288554472e-03
-7.839839839839839897e+00 -1.792388791511007606e-01 -8.298593076056428458e-03
-7.823823823823824242e+00 -1.812032003396899238e-01 -8.008538710680117995e-03
-7.807807807807808587e+00 -1.801134566033686102e-01 -9.617917225977636042e-03
-7.791791791791791155e+00 -1.822061383231331211e-01 -9.405452530462581756e-03
-7.775775775775775500e+00 -1.818431832796378322e-01 -1.045430489445398417e-02
-7.759759759759759845e+00 -1.822970089680180927e-01 -1.083364341767554043e-02
-7.743743743743744190e+00 -1.828098902413363980e-01 -1.115790354214167730e-02
-7.727727727727728535e+00 -1.835892471038408913e-01 -1.172093263861727699e-02
-7.711711711711711104e+00 -1.841746232427310670e-01 -1.250677924105182172e-02
-7.695695695695695449e+00 -1.841978692493595748e-01 -1.258538418450019097e-02
-7.679679679679679793e+00 -1.848178187768099445e-01 -1.216129200639214959e-02
-7.663663663663664138e+00 -1.859443959570095117e-01 -1.263436465302847367e-02
-7.647647647647648483e+00 -1.869786646805342012e-01 -1.418054346473142380e-02
-7.631631631631631052e+00 -1.862920823470443632e-01 -1.405822925990256149e-02
-7.615615615615615397e+00 -1.875542565196429146e-01 -1.331224965591941770e-02
-7.599599599599599742e+00 -1.885895768098248548e-01 -1.367967027294634923e-02
-7.583583583583584087e+00 -1.894014373326576850e-01 -1.425615487444287059e-02
-7.567567567567568432e+00 -1.901710088866569448e-01 -1.494942752297808222e-02
-7.551551551551551000e+00 -1.908789147373985418e-01 -1.563712622922645845e-02
-7.535535535535535345e+00 -1.918718167130664676e-01 -1.555568481117115473e-02
-7.519519519519519690e+00 -1.926586771952159827e-01 -1.608200655669033557e-02
-7.503503503503504035e+00 -1.931211426119248675e-01 -1.703774965681031234e-02
-7.487487487487488380e+00 -1.945560817542095200e-01 -1.783121065230315605e-02
-7.471471471471470949e+00 -1.945279363536840667e-01 -1.842805594872235289e-02
-7.455455455455455294e+00 -1.942490941954540529e-01 -1.859401115818618347e-02
-7.439439439439439639e+00 -1.948846986366735146e-01 -1.846455956433708245e-02
-7.423423423423423984e+00 -1.969071128680986993e-01 -1.904885395538247206e-02
-7.407407407407408328e+00 -1.985985607086937499e-01 -2.011812912602616715e-02
-7.391391391391390897e+00 -1.982537662275804247e-01 -2.168303619385678407e-02
-7.375375375375375242e+00 -1.988753633487402306e-01 -2.114567845394011575e-02
-7.359359359359359587e+00 -1.999254403253428181e-01 -2.234537118269188521e-02
-7.343343343343343932e+00 -2.013685152867275285e-01 -2.261819778662807826e-02
-7.327327327327326500e+00 -2.012839476979393638e-01 -2.441748515015608467e-02
-7.311311311311310845e+00 -2.007533014929533399e-01 -2.589218038211890324e-02
-7.295295295295295190e+00 -2.020076116123326604e-01 -2.580405695337005534e-02
-7.279279279279279535e+00 -2.011959185942992223e-01 -2.470995752286934966e-02
-7.263263263263263880e+00 -2.041267659349613461e-01 -2.452881667986171049e-02
-7.247247247247246449e+00 -2.046222462280476995e-01 -2.599095227943420267e-02
-7.231231231231230794e+00 -2.055903872254903897e-01 -2.711290168343935547e-02
-7.215215215215215139e+00 -2.061776247710485066e-01 -2.847261500074035195e-02
-7.199199199199199484e+00 -2.059635122728606382e-01 -2.791428267513136607e-02
-7.183183183183183829e+00 -2.073769421911526856e-01 -2.847527442336750952e-02
-7.167167167167166397e+00 -2.071547987543022884e-01 -2.993288260104926685e-02
-7.151151151151150742e+00 -2.083299354675107184e-01 -3.050681546779638112e-02
-7.135135135135135087e+00 -2.088396671672239358e-01 -3.036502653395094231e-02
-7.119119119119119432e+00 -2.104817758635788016e-01 -3.182393965223666299e-02
-7.103103103103103777e+00 -2.097127402138955210e-01 -3.236623200281933677e-02
-7.087087087087086346e+00 -2.112779457743949596e-01 -3.192092272120131136e-02
-7.071071071071070691e+00 -2.126456298167015424e-01 -3.186973383529270731e-02
-7.055055055055055035e+00 -2.135051794389498103e-01 -3.411878627959256949e-02
-7.039039039039039380e+00 -2.123605167632632851e-01 -3.471084112788582615e-02
-7.023023023023023725e+00 -2.151436264160231648e-01 -3.529854841309049140e-02
-7.007007007007006294e+00 -2.158089455446871030e-01 -3.732532240388630740e-02
-6.990990990990990639e+00 -2.156198877200252439e-01 -3.770100253917922639e-02
-6.974974974974974984e+00 -2.167563558456986339e-01 -3.854975483327462149e-02
-6.958958958958959329e+00 -2.152393996959269806e-01 -3.919317089442762164e-02
-6.942942942942943674e+00 -2.176898450989592504e-01 -3.870074862552963513e-02
-6.926926926926926242e+00 -2.205329994326498122e-01 -3.991413375187535112e-02
-6.910910910910910587e+00 -2.197162998511570098e-01 -4.066627476885396886e-02
-6.894894894894894932e+00 -2.212036037485121398e-01 -4.082566503764281651e-02
-6.878878878878879277e+00 -2.242550711132379471e-01 -4.295197736032872055e-02
-6.862862862862863622e+00 -2.244832436808177623e-01 -4.573753270134556237e-02
-6.846846846846846191e+00 -2.235141234157512757e-01 -4.748749510057438672e-02
-6.830830830830830536e+00 -2.234798548777122973e-01 -4.879488634837286787e-02
-6.814814814814814881e+00 -2.250031542977764532e-01 -4.837989227930306751e-02
-6.798798798798799226e+00 -2.253344564226373858e-01 -4.985048489968517405e-02
-6.782782782782781794e+00 -2.254977356679446210e-01 -5.253391597093542975e-02
-6.766766766766766139e+00 -2.243614861513636705e-01 -5.145079957222561257e-02
-6.750750750750750484e+00 -2.275017036470677323e-01 -5.356925443944649673e-02
-6.734734734734734829e+00 -2.269098204903375882e-01 -5.486443425691951009e-02
-6.718718718718719174e+00 -2.279374748256038363e-01 -5.463631981782055697e-02
-6.702702702702701743e+00 -2.291030121576810852e-01 -5.718648314693303147e-02
-6.686686686686686087e+00 -2.274099637215031278e-01 -5.875439984593698595e-02
-6.670670670670670432e+00 -2.281704668692358662e-01 -5.886941785014794537e-02
-6.654654654654654777e+00 -2.277892352233530648e-01 -6.034871574943241612e-02
-6.638638638638639122e+00 -2.287033808932716905e-01 -6.067956917782273141e-02
-6.622622622622621691e+00 -2.282168003568841308e-01 -6.294874897392004065e-02
-6.606606606606606036e+00 -2.274298394800451373e-01 -6.335328167273851507e-02
-6.590590590590590381e+00 -2.298672575398039986e-01 -6.258993667173662345e-02
-6.574574574574574726e+00 -2.327674796112711164e-01 -6.327458960364486240e-02
-6.558558558558559071e+00 -2.315422493239779334e-01 -6.799769116392814783e-02
-6.542542542542541639e+00 -2.310804936725149861e-01 -6.803692790315291061e-02
-6.526526526526525984e+00 -2.293289948228699471e-01 -6.951823417307465003e-02
-6.510510510510510329e+00 -2.322190228024599290e-01 -6.690622946154545225e-02
-6.494494494494494674e+00 -2.346925388140251312e-01 -7.058447882044072141e-02
-6.478478478478479019e+00 -2.355012529266954924e-01 -7.199097315147418019e-02
-6.462462462462461588e+00 -2.315698750289752750e-01 -7.627542502441642114e-02
-6.446446446446445933e+00 -2.295902589849505571e-01 -7.385057455008375848e-02
-6.430430430430430278e+00 -2.324326608271674866e-01 -7.372315224111034015e-02
-6.414414414414414622e+00 -2.345207401765060373e-01 -7.526512867268195239e-02
-6.398398398398398967e+00 -2.332231392257973490e-01 -7.691739989117178655e-02
-6.382382382382381536e+00 -2.342184613582997121e-01 -7.785841134948437436e-02
-6.366366366366365881e+00 -2.347571730309630234e-01 -8.005992046109172700e-02
-6.350350350350350226e+00 -2.338187978858255467e-01 -7.900638337070531314e-02
-6.334334334334334571e+00 -2.359035687154687477e-01 -8.048708878567198410e-02
-6.318318318318318916e+00 -2.380391646515094828e-01 -8.164349885695090792e-02
-6.302302302302301484e+00 -2.373869724756462185e-01 -8.556226757869206390e-02
-6.286286286286285829e+00 -2.392817622148996626e-01 -8.571206637650129190e-02
-6.270270270270270174e+00 -2.369776278695370220e-01 -9.042563656563573637e-02
-6.254254254254254519e+00 -2.369234912555754080e-01 -9.093993287213270049e-02
-6.238238238238238864e+00 -2.356346801460550977e-01 -9.263396024028786035e-02
-6.222222222222221433e+00 -2.343259019610241523e-01 -9.114214698104536327e-02
-6.206206206206205778e+00 -2.370551332614532214e-01 -9.422440046084519516e-02
-6.190190190190190123e+00 -2.338662739169942717e-01 -9.520241180225433308e-02
-6.174174174174174468e+00 -2.338786629986264742e-01 -9.420108905204464811e-02
-6.158158158158158813e+00 -2.331983102528793483e-01 -9.668188900613997050e-02
-6.142142142142141381e+00 -2.346673689226578818e-01 -9.657866942653399456e-02
-6.126126126126125726e+00 -2.320334615893165919e-01 -9.793325285014420345e-02
-6.110110110110110071e+00 -2.314339140896142788e-01 -9.729542293871441816e-02
-6.094094094094094416e+00 -2.340902666072592619e-01 -9.451288969824148123e-02
-6.078078078078078761e+00 -2.367988358369591817e-01 -9.831508174966044344e-02
-6.062062062062061329e+00 -2.362686869847329119e-01 -1.008509847626822831e-01
-6.046046046046045674e+00 -2.391455789595949011e-01 -1.027832244021530672e-01
-6.030030030030030019e+00 -2.343104612207895232e-01 -1.060500198280054096e-01
-6.014014014014014364e+00 -2.349342372995693873e-01 -1.032422994451653447e-01
-5.997997997997998709e+00 -2.370240851229938606e-01 -1.050963440131448129e-01
-5.981981981981981278e+00 -2.373845861156511639e-01 -1.067339511804013263e-01
-5.965965965965965623e+00 -2.378020785762314793e-01 -1.082520185071977059e-01
-5.949949949949949968e+00 -2.381186344972934243e-01 -1.110058052081385332e-01
-5.933933933933934313e+00 -2.340411208680584776e-01 -1.138149976470491931e-01
-5.917917917917918658e+00 -2.320294123881260773e-01 -1.143556237988982427e-01
-5.901901901901901226e+00 -2.348031057487667550e-01 -1.137259768244843899e-01
-5.885885885885885571e+00 -2.343497335726669739e-01 -1.199627906935069183e-01
-5.869869869869869916e+00 -2.300688250868046514e-01 -1.194580214442146071e-01
-5.853853853853854261e+00 -2.326983149585950539e-01 -1.167960896894966460e-01
-5.837837837837838606e+00 -2.300052019961328076e-01 -1.208299791941526702e-01
-5.821821821821821175e+00 -2.305363952763975488e-01 -1.188129533968854817e-01
-5.805805805805805520e+00 -2.318583152277339243e-01 -1.209397591632590807e-01
-5.789789789789789864e+00 -2.288708312953637858e-01 -1.205394760256009723e-01
-5.773773773773774209e+00 -2.328060369757095627e-01 -1.196761376021647227e-01
-5.757757757757758554e+00 -2.295537511762765770e-01 -1.238215806627133014e-01
-5.741741741741741123e+00 -2.301782735645363509e-01 -1.236178333957051595e-01
-5.725725725725725468e+00 -2.283047517746531474e-01 -1.244422236080523075e-01
-5.709709709709709813e+00 -2.266180096658989007e-01 -1.257795886410048303e-01
-5.693693693693694158e+00 -2.269099945461567625e-01 -1.248454574272082479e-01
-5.677677677677678503e+00 -2.311143337127936903e-01 -1.247318776207732571e-01
-5.661661661661661071e+00 -2.278155896537462088e-01 -1.280240026622846972e-01
-5.645645645645645416e+00 -2.286053409649110857e-01 -1.292419440363940519e-01
-5.629629629629629761e+00 -2.291996169201400146e-01 -1.300150019160221937e-01
-5.613613613613614106e+00 -2.288240594502009284e-01 -1.316408500247804592e-01
-5.597597597597598451e+00 -2.265682740814253249e-01 -1.320496095438477568e-01
-5.581581581581581020e+00 -2.236106453700336671e-01 -1.341938754085107988e-01
-5.565565565565565365e+00 -2.262142954553140461e-01 -1.301354733731146518e-01
-5.549549549549549710e+00 -2.285420892779994884e-01 -1.355131982291271631e-01
-5.533533533533534055e+00 -2.237308358529369323e-01 -1.362738571666468057e-01
-5.517517517517518399e+00 -2.213946225715771599e-01 -1.339907246794380669e-01
-5.501501501501500968e+00 -2.236406669550542459e-01 -1.332816270141107817e-01
-5.485485485485485313e+00 -2.254896602239775394e-01 -1.375519824262378954e-01
-5.469469469469469658e+00 -2.213522549920941829e-01 -1.343333479093728466e-01
-5.453453453453454003e+00 -2.256282094485338174e-01 -1.356499381378491464e-01
-5.437437437437438348e+00 -2.266129114221189234e-01 -1.413954279635784850e-01
-5.421421421421420916e+00 -2.217174810188455858e-01 -1.419378607111304591e-01
-5.405405405405405261e+00 -2.208678938894497734e-01 -1.400439890377550289e-01
-5.389389389389389606e+00 -2.202376126540391832e-01 -1.394612989769089539e-01
-5.373373373373373951e+00 -2.218193895394612869e-01 -1.385557171456377468e-01
-5.357357357357358296e+00 -2.225421278528588453e-01 -1.416396629990840372e-01
-5.341341341341340865e+00 -2.221235521326534457e-01 -1.420374269197400285e-01
-5.325325325325325210e+00 -2.204296400665069211e-01 -1.431837904431764175e-01
-5.309309309309309555e+00 -2.205063688111551512e-01 -1.427450433456931289e-01
-5.293293293293293900e+00 -2.215688172514727328e-01 -1.431960708579020358e-01
-5.277277277277278245e+00 -2.209099545684266308e-01 -1.452017427863421528e-01
-5.261261261261260813e+00 -2.207990927674063353e-01 -1.459305271074513022e-01
-5.245245245245245158e+00 -2.203701945023223696e-01 -1.462189744032537930e-01
-5.229229229229229503e+00 -2.209029821593370413e-01 -1.485234604165185657e-01
-5.213213213213213848e+00 -2.186136250783503321e-01 -1.513398425940139513e-01
-5.197197197197198193e+00 -2.166928364103405391e-01 -1.483813197309954424e-01
-5.181181181181180762e+00 -2.155869220590268531e-01 -1.516935426362158723e-01
-5.165165165165165106e+00 -2.155749765823580799e-01 -1.471947862990577172e-01
-5.149149149149149451e+00 -2.187169080514355657e-01 -1.497651686727062281e-01
-5.133133133133133796e+00 -2.163352227740167888e-01 -1.520034449153338796e-01
-5.117117117117118141e+00 -2.162894565572065497e-01 -1.530604916659100423e-01
-5.101101101101100710e+00 -2.137611425992747560e-01 -1.537229721361744739e-01
-5.085085085085085055e+00 -2.134489807679556261e-01 -1.519525753137104251e-01
-5.069069069069069400e+00 -2.144175232119018004e-01 -1.518162708534995797e-01
-5.053053053053051968e+00 -2.122964238817375837e-01 -1.543001412176848997e-01
-5.037037037037038090e+00 -2.126135793806696317e-01 -1.517723895723286365e-01
-5.021021021021020658e+00 -2.144588865924311194e-01 -1.534325333890834142e-01
-5.005005005005005003e+00 -2.137691579979504319e-01 -1.558168242355200961e-01
-4.988988988988989348e+00 -2.122334176036742015e-01 -1.580536097577301402e-01
-4.972972972972971917e+00 -2.111909788871267901e-01 -1.572526311360819828e-01
-4.956956956956958038e+00 -2.099627031753868167e-01 -1.544469490115389920e-01
-4.940940940940940607e+00 -2.102797458723865420e-01 -1.548926479782389842e-01
-4.924924924924924952e+00 -2.104486593008895179e-01 -1.553072584762949238e-01
-4.908908908908909297e+00 -2.097250769962637762e-01 -1.542131595120942722e-01
-4.892892892892891865e+00 -2.111469418062084658e-01 -1.551663252013344430e-01
-4.876876876876877986e+00 -2.108750901850481307e-01 -1.562173534905068328e-01
-4.860860860860860555e+00 -2.084839867909817346e-01 -1.556633487361262780e-01
-4.844844844844844900e+00 -2.106663313952828742e-01 -1.552279702378140946e-01
-4.828828828828829245e+00 -2.100165318511786339e-01 -1.550660212716148401e-01
-4.812812812812811814e+00 -2.102392823311552972e-01 -1.551478123674317755e-01
-4.796796796796796158e+00 -2.113637234520905905e-01 -1.544492373631577986e-01
-4.780780780780780503e+00 -2.119055276459383408e-01 -1.566845208360842512e-01
-4.764764764764764848e+00 -2.109667883649011255e-01 -1.569604143293549248e-01
-4.748748748748749193e+00 -2.106314031089636662e-01 -1.585607669057082503e-01
-4.732732732732731762e+00 -2.098066460423803625e-01 -1.561134037296241783e-01
-4.716716716716716107e+00 -2.120019238797139771e-01 -1.586519455461010697e-01
-4.700700700700700452e+00 -2.116243880684234302e-01 -1.607784526196231467e-01
-4.684684684684684797e+00 -2.099189852503118847e-01 -1.613921666787659082e-01
-4.668668668668669142e+00 -2.084921604132312367e-01 -1.607611900017417161e-01
-4.652652652652651710e+00 -2.079939993145792920e-01 -1.593498841105080444e-01
-4.636636636636636055e+00 -2.078596623396163079e-01 -1.576671740245721154e-01
-4.620620620620620400e+00 -2.093119063572900229e-01 -1.589135735455161069e-01
-4.604604604604604745e+00 -2.094244415206540644e-01 -1.587278809623233200e-01
-4.588588588588589090e+00 -2.097699517104635869e-01 -1.600139992111627996e-01
-4.572572572572571659e+00 -2.080975034759377507e-01 -1.588158749454398055e-01
-4.556556556556556004e+00 -2.093496432725557854e-01 -1.589629733772200959e-01
-4.540540540540540349e+00 -2.097269040503074722e-01 -1.568089929641555968e-01
-4.524524524524524693e+00 -2.133652074624989570e-01 -1.578628069932396238e-01
-4.508508508508509038e+00 -2.140284040229028240e-01 -1.590020335490110182e-01
-4.492492492492491607e+00 -2.140442807348073295e-01 -1.615394723140005095e-01
-4.476476476476475952e+00 -2.132212709827664698e-01 -1.620266659548218746e-01
-4.460460460460460297e+00 -2.125409789385129811e-01 -1.611163255863158894e-01
-4.444444444444444642e+00 -2.134205670319537229e-01 -1.602978698789302714e-01
-4.428428428428428987e+00 -2.143239728796746402e-01 -1.603247629983815536e-01
-4.412412412412411555e+00 -2.168801110416378464e-01 -1.610237573581542736e-01
-4.396396396396395900e+00 -2.158280160422255955e-01 -1.615727960046450251e-01
-4.380380380380380245e+00 -2.174944280810765518e-01 -1.640714704175250394e-01
-4.364364364364364590e+00 -2.185815858088295260e-01 -1.638447476272529568e-01
-4.348348348348348935e+00 -2.157021559049489556e-01 -1.650870232228734136e-01
-4.332332332332331504e+00 -2.178396613796263481e-01 -1.632605723166397349e-01
-4.316316316316315849e+00 -2.185369751258044446e-01 -1.652257518748496135e-01
-4.300300300300300194e+00 -2.195668302582880482e-01 -1.654690030016446878e-01
-4.284284284284284539e+00 -2.200098511258042899e-01 -1.673130684588639561e-01
-4.268268268268268884e+00 -2.192272268482862718e-01 -1.665338420684154275e-01
-4.252252252252251452e+00 -2.207669112363178088e-01 -1.666829465728897897e-01
-4.236236236236235797e+00 -2.214497614584545748e-01 -1.691650232039119683e-01
-4.220220220220220142e+00 -2.221896187198432182e-01 -1.701371898267320659e-01
-4.204204204204204487e+00 -2.214890424295047067e-01 -1.707832062972309273e-01
-4.188188188188188832e+00 -2.215049371249388499e-01 -1.710258884192335516e-01
-4.172172172172171400e+00 -2.221075023360686573e-01 -1.714643250267011143e-01
-4.156156156156155745e+00 -2.229023836226897703e-01 -1.716915703900308010e-01
-4.140140140140140090e+00 -2.238836302581002635e-01 -1.723609489685096752e-01
-4.124124124124124435e+00 -2.237408246152280400e-01 -1.720967596914063646e-01
-4.108108108108108780e+00 -2.246947174734817143e-01 -1.739204266118858921e-01
-4.092092092092091349e+00 -2.255747291684687128e-01 -1.738415408999741674e-01
-4.076076076076075694e+00 -2.261482331890559139e-01 -1.749376535555915435e-01
-4.060060060060060039e+00 -2.267515681724384669e-01 -1.767329243993433774e-01
-4.044044044044044384e+00 -2.271074834090048289e-01 -1.753884486026882350e-01
-4.028028028028028729e+00 -2.283477892591271319e-01 -1.771122820035438972e-01
-4.012012012012011297e+00 -2.291950642127183191e-01 -1.781037229023733626e-01
-3.995995995995995642e+00 -2.295847527480387451e-01 -1.777726411614236890e-01
-3.979979979979979987e+00 -2.313964281721937466e-01 -1.792631332837346936e-01
-3.963963963963964332e+00 -2.322667863211332895e-01 -1.808957289944273517e-01
-3.947947947947948233e+00 -2.334177524306378371e-01 -1.829092376591687219e-01
-3.931931931931931690e+00 -2.335348521929077603e-01 -1.838953915070033474e-01
-3.915915915915915591e+00 -2.340122954676210343e-01 -1.859349142909997032e-01
-3.899899899899899935e+00 -2.341468544417898978e-01 -1.875715620867986211e-01
-3.883883883883884280e+00 -2.317786382937470080e-01 -1.885539534904130954e-01
-3.867867867867868181e+00 -2.324397834674412078e-01 -1.872256719347158427e-01
-3.851851851851851638e+00 -2.339872449727719017e-01 -1.874888579257750765e-01
-3.835835835835835539e+00 -2.355147938374977934e-01 -1.884045674372049617e-01
-3.819819819819819884e+00 -2.362384872619253395e-01 -1.899513211992298889e-01
-3.803803803803804229e+00 -2.373435764107363344e-01 -1.911906651877808838e-01
-3.787787787787788130e+00 -2.384899052337295655e-01 -1.917122779116628983e-01
-3.771771771771771586e+00 -2.389333396108605512e-01 -1.940263355952859814e-01
-3.755755755755755487e+00 -2.394867223686669988e-01 -1.960743711268024270e-01
-3.739739739739739832e+00 -2.405429653605641593e-01 -1.970968640319745724e-01
-3.723723723723722845e+00 -2.395158736755134410e-01 -1.988359134147506257e-01
-3.707707707707708078e+00 -2.395127008393612977e-01 -1.991754501404547906e-01
-3.691691691691691535e+00 -2.395954058832078792e-01 -1.999050801763910257e-01
-3.675675675675675436e+00 -2.414026213315186575e-01 -1.993494192280050314e-01
-3.659659659659659781e+00 -2.433181490853550122e-01 -2.010314536105430039e-01
-3.643643643643642793e+00 -2.443557237725853537e-01 -2.031744693182008510e-01
-3.627627627627628026e+00 -2.453378174925356647e-01 -2.043765905627027424e-01
-3.611611611611611483e+00 -2.452381730429555318e-01 -2.061850732795510455e-01
-3.595595595595595384e+00 -2.459523763565443499e-01 -2.060586023354189222e-01
-3.579579579579579729e+00 -2.475317475109151122e-01 -2.077833238683588768e-01
-3.563563563563562742e+00 -2.484102305288465040e-01 -2.097794880673787554e-01
-3.547547547547547975e+00 -2.495226119499781015e-01 -2.114144473126362556e-01
-3.531531531531531432e+00 -2.505055327315704461e-01 -2.133085596328732347e-01
-3.515515515515515332e+00 -2.512621305693637508e-01 -2.153701228606170193e-01
-3.499499499499499677e+00 -2.505830413256460720e-01 -2.162891681268521993e-01
-3.483483483483482690e+00 -2.526168993958363140e-01 -2.179174906368979425e-01
-3.467467467467467923e+00 -2.533897740417137001e-01 -2.197885649507120009e-01
-3.451451451451451380e+00 -2.552173791773471034e-01 -2.219118039201587178e-01
-3.435435435435435281e+00 -2.555953230880811944e-01 -2.248486909528895072e-01
-3.419419419419419626e+00 -2.560633824612471576e-01 -2.272982654102571609e-01
-3.403403403403402638e+00 -2.564475689083752785e-01 -2.291130344747887293e-01
-3.387387387387387871e+00 -2.562510501396173535e-01 -2.315912031073988631e-01
-3.371371371371371328e+00 -2.563841231922537878e-01 -2.333568960138467374e-01
-3.355355355355355229e+00 -2.556390422600026135e-01 -2.344513044301086979e-01
-3.339339339339339574e+00 -2.568469146467481368e-01 -2.361658858768962976e-01
-3.323323323323322587e+00 -2.582224110367208336e-01 -2.380789157791194099e-01
-3.307307307307307820e+00 -2.572104340144344414e-01 -2.407414482096797981e-01
-3.291291291291291277e+00 -2.580635362248562270e-01 -2.415897690673880494e-01
-3.275275275275275177e+00 -2.589161040195148145e-01 -2.437851853640627120e-01
-3.259259259259259522e+00 -2.594945326341776548e-01 -2.454739841074721762e-01
-3.243243243243242535e+00 -2.602724378140935380e-01 -2.469630464811767845e-01
-3.227227227227227768e+00 -2.613690057664979083e-01 -2.492519211218555131e-01
-3.211211211211210781e+00 -2.623847843162523952e-01 -2.523247434668627887e-01
-3.195195195195195126e+00 -2.622917051819715906e-01 -2.543461701191466195e-01
-3.179179179179179471e+00 -2.631390826183485632e-01 -2.557799572375647479e-01
-3.163163163163162483e+00 -2.642617894396766531e-01 -2.575259182904855448e-01
-3.147147147147147717e+00 -2.652250841788018620e-01 -2.603530401941693828e-01
-3.131131131131130729e+00 -2.661730594511599879e-01 -2.634167563689315816e-01
-3.115115115115115074e+00 -2.676589169791116496e-01 -2.656088122952302566e-01
-3.099099099099099419e+00 -2.665916246645583243e-01 -2.699123783522237585e-01
-3.083083083083082432e+00 -2.673335005995070013e-01 -2.718887743456860351e-01
-3.067067067067067665e+00 -2.678718830462494260e-01 -2.748167357521295595e-01
-3.051051051051050678e+00 -2.688561221490008979e-01 -2.783751492267395045e-01
-3.035035035035035023e+00 -2.672919355091435412e-01 -2.811436092466387260e-01
-3.019019019019019368e+00 -2.676675445063128045e-01 -2.829582839928159732e-01
-3.003003003003002380e+00 -2.686820716464202174e-01 -2.856957262541774956e-01
-2.986986986986987613e+00 -2.680219907204165475e-01 -2.889460304442394989e-01
-2.970970970970970626e+00 -2.671481824137046379e-01 -2.922899702947838185e-01
-2.954954954954954971e+00 -2.683992940029614749e-01 -2.938146372872612044e-01
-2.938938938938939316e+00 -2.687537379859223918e-01 -2.970473228269566168e-01
-2.922922922922922329e+00 -2.688283101761080873e-01 -3.006237384818281067e-01
-2.906906906906907562e+00 -2.679159980278781328e-01 -3.035469000141252094e-01
-2.890890890890890574e+00 -2.687092337508414364e-01 -3.057624371297230637e-01
-2.874874874874874919e+00 -2.693435217829005524e-01 -3.090903169243403581e-01
-2.858858858858859264e+00 -2.685508274443687005e-01 -3.124721287197489428e-01
-2.842842842842842277e+00 -2.687846904080781751e-01 -3.145657775283604574e-01
-2.826826826826827510e+00 -2.690657726862001331e-01 -3.180489457482107429e-01
-2.810810810810810523e+00 -2.692171246158615028e-01 -3.218238898808027937e-01
-2.794794794794794868e+00 -2.683126973568633611e-01 -3.244071052445887116e-01
-2.778778778778779213e+00 -2.692873990156335884e-01 -3.270251906500311057e-01
-2.762762762762762225e+00 -2.700251241472718666e-01 -3.305480203426622299e-01
-2.746746746746747458e+00 -2.699962006863286246e-01 -3.344499838242589451e-01
-2.730730730730730471e+00 -2.711470170677858782e-01 -3.388395244669905604e-01
-2.714714714714714816e+00 -2.700574307607523372e-01 -3.441167513897511188e-01
-2.698698698698698717e+00 -2.689906193132916012e-01 -3.481711658618452665e-01
-2.682682682682682174e+00 -2.687771629452957445e-01 -3.511867553355459970e-01
-2.666666666666667407e+00 -2.674513254395702866e-01 -3.556564968727579101e-01
-2.650650650650650419e+00 -2.657591277082497205e-01 -3.584030445318309166e-01
-2.634634634634634764e+00 -2.686512166816749647e-01 -3.613840947993522956e-01
-2.618618618618618665e+00 -2.657804997571514560e-01 -3.666331263448625588e-01
-2.602602602602602122e+00 -2.653789398696005941e-01 -3.704197443675553147e-01
-2.586586586586587355e+00 -2.647785436569166651e-01 -3.744171381394461595e-01
-2.570570570570570368e+00 -2.642167000822023271e-01 -3.787002670349803868e-01
-2.554554554554554713e+00 -2.638907519414140923e-01 -3.838696114561440664e-01
-2.538538538538538614e+00 -2.621570847713618480e-01 -3.882406694066629638e-01
-2.522522522522522070e+00 -2.609714228028667260e-01 -3.921646119099107541e-01
-2.506506506506507304e+00 -2.607304466381479280e-01 -3.964410872644918427e-01
-2.490490490490490316e+00 -2.589004612158534169e-01 -4.027271548824500891e-01
-2.474474474474474661e+00 -2.577080843191749127e-01 -4.065841302521699951e-01
-2.458458458458458562e+00 -2.565611084948352660e-01 -4.109257896638593976e-01
-2.442442442442442019e+00 -2.559903445639590269e-01 -4.167929640117813972e-01
-2.426426426426427252e+00 -2.531052116075782621e-01 -4.232135778133675474e-01
-2.410410410410410265e+00 -2.503910846903165677e-01 -4.272951831316297300e-01
-2.394394394394394610e+00 -2.480808236516487963e-01 -4.329294228321474702e-01
-2.378378378378378510e+00 -2.456432522456761247e-01 -4.369089044192617233e-01
-2.362362362362361967e+00 -2.429827490151155733e-01 -4.414227469843134966e-01
-2.346346346346347200e+00 -2.421205611053193485e-01 -4.464337251553033292e-01
-2.330330330330330213e+00 -2.391499022415619347e-01 -4.517221031709650059e-01
-2.314314314314314558e+00 -2.380901286443595777e-01 -4.560737394562979774e-01
-2.298298298298298459e+00 -2.336880143199107640e-01 -4.656182629591550937e-01
-2.282282282282281916e+00 -2.282794788954821130e-01 -4.690879345951781132e-01
-2.266266266266267149e+00 -2.256025211343036241e-01 -4.719491778814792204e-01
-2.250250250250250161e+00 -2.220422286257769939e-01 -4.773909181131359980e-01
-2.234234234234234506e+00 -2.211703216719397291e-01 -4.809078507262799507e-01
-2.218218218218218407e+00 -2.171291099146583359e-01 -4.895949871923590546e-01
-2.202202202202201864e+00 -2.116972953693826431e-01 -4.920549973087153250e-01
-2.186186186186185765e+00 -2.078750334964402646e-01 -4.979692308496174169e-01
-2.170170170170170110e+00 -2.050498230147606293e-01 -5.002104272138372387e-01
-2.154154154154154455e+00 -2.033577553844362062e-01 -5.047933802656094926e-01
-2.138138138138138356e+00 -1.991094633395171232e-01 -5.129511995722545459e-01
-2.122122122122121812e+00 -1.946551936752987377e-01 -5.177950604472137952e-01
-2.106106106106105713e+00 -1.901091070243014214e-01 -5.261980813923179401e-01
-2.090090090090090058e+00 -1.870420138688999034e-01 -5.269177522548277315e-01
-2.074074074074074403e+00 -1.881478043899931230e-01 -5.378349602876304481e-01
-2.058058058058058304e+00 -1.783895855095744276e-01 -5.446916871205722543e-01
-2.042042042042041761e+00 -1.715504701123719555e-01 -5.561133577067729483e-01
-2.026026026026025662e+00 -1.597100050733133991e-01 -5.573115740308778321e-01
-2.010010010010010006e+00 -1.556642075497448041e-01 -5.621098002858201381e-01
-1.993993993993994351e+00 -1.505556232251278881e-01 -5.689955111554050315e-01
-1.977977977977978252e+00 -1.412110634404973863e-01 -5.755096808552406795e-01
-1.961961961961961709e+00 -1.346886172700925421e-01 -5.770820156551007551e-01
-1.945945945945945610e+00 -1.303670091688581278e-01 -5.867051803167224744e-01
-1.929929929929929955e+00 -1.210503053680113961e-01 -5.936582354499247982e-01
-1.913913913913914300e+00 -1.075345285999707856e-01 -6.011958371511669785e-01
-1.897897897897898201e+00 -9.860774138833994229e-02 -5.995651178032379569e-01
-1.881881881881881657e+00 -9.080639651519534228e-02 -6.057848462753434582e-01
-1.865865865865865558e+00 -8.288080043105867933e-02 -6.059391402128404547e-01
-1.849849849849849903e+00 -7.888580632546823845e-02 -6.103542263702106396e-01
-1.833833833833834248e+00 -7.424757498501095843e-02 -6.177281840992192574e-01
-1.817817817817818149e+00 -5.988013921277719753e-02 -6.325840186935214327e-01
-1.801801801801801606e+00 -4.287219014915714943e-02 -6.271363194088444004e-01
-1.785785785785785507e+00 -3.323110699635152543e-02 -6.349871564859078665e-01
-1.769769769769769852e+00 -2.090309352442478244e-02 -6.313478246822785689e-01
-1.753753753753754197e+00 -1.254177786731354091e-02 -6.350442765899972919e-01
-1.737737737737738097e+00 -3.673846060150442495e-03 -6.395541145299621366e-01
-1.721721721721721554e+00 8.573217866352764865e-03 -6.448028469876846414e-01
-1.705705705705705455e+00 1.886441622141920432e-02 -6.488183257567974316e-01
-1.689689689689689800e+00 3.147319424372361368e-02 -6.534605573462036743e-01
-1.673673673673672813e+00 4.529798319829483888e-02 -6.533772150781538279e-01
-1.657657657657658046e+00 6.263740589846156226e-02 -6.576321391652106829e-01
-1.641641641641641503e+00 8.176774614981183187e-02 -6.565926642358207443e-01
-1.625625625625625403e+00 9.464289034803231859e-02 -6.491779778410937674e-01
-1.609609609609609748e+00 1.037920549930637926e-01 -6.511316448640475096e-01
-1.593593593593592761e+00 1.217108035275336758e-01 -6.522892322155302569e-01
-1.577577577577577994e+00 1.364834795952996893e-01 -6.503811470835845210e-01
-1.561561561561561451e+00 1.515184598912650005e-01 -6.430026448275312223e-01
-1.545545545545545352e+00 1.612468268806522831e-01 -6.404529287087157297e-01
-1.529529529529529697e+00 1.823386591512227151e-01 -6.405517566431067067e-01
-1.513513513513512709e+00 1.899861879145598731e-01 -6.309877055100497900e-01
-1.497497497497497942e+00 2.161299848957075609e-01 -6.310470371902878739e-01
-1.481481481481481399e+00 2.321126158804322492e-01 -6.150804772292921552e-01
-1.465465465465465300e+00 2.371230877869763831e-01 -6.058524477823230558e-01
-1.449449449449449645e+00 2.500633213371409869e-01 -6.020317938239140299e-01
-1.433433433433432658e+00 2.610110137078983650e-01 -6.047876422828486476e-01
-1.417417417417417891e+00 2.858556673452437580e-01 -5.918895737485567743e-01
-1.401401401401401348e+00 2.970781195301569477e-01 -5.805427591758939299e-01
-1.385385385385385248e+00 3.114502639634582071e-01 -5.657582262278690877e-01
-1.369369369369369593e+00 3.237016960521169606e-01 -5.519176527283276013e-01
-1.353353353353352606e+00 3.344829835177189348e-01 -5.469954018613947255e-01
-1.337337337337337839e+00 3.518713889274981410e-01 -5.314262418031048263e-01
-1.321321321321321296e+00 3.605642788982107438e-01 -5.143516608540040780e-01
-1.305305305305305197e+00 3.716598328450210209e-01 -5.001970261479571356e-01
-1.289289289289289542e+00 3.801664094213236256e-01 -4.879393022906963195e-01
-1.273273273273272554e+00 3.937421947865645255e-01 -4.724642501006431350e-01
-1.257257257257257788e+00 3.995298071691579800e-01 -4.531704665987533742e-01
-1.241241241241240800e+00 4.019110405158069499e-01 -4.361982193888684911e-01
-1.225225225225225145e+00 4.159856625346809444e-01 -4.246737756529860297e-01
-1.209209209209209490e+00 4.299817998608418956e-01 -4.074487538512310270e-01
-1.193193193193192503e+00 4.342768180502148967e-01 -3.792130063577052734e-01
-1.177177177177177736e+00 4.324599665647407276e-01 -3.590947950458665550e-01
-1.161161161161160749e+00 4.335327382193429613e-01 -3.390045018810715072e-01
-1.145145145145145094e+00 4.320214240495403035e-01 -3.231473538354517339e-01
-1.129129129129129439e+00 4.297307652114914500e-01 -3.063780931676023389e-01
-1.113113113113112451e+00 4.326255903965580130e-01 -2.907292225039433964e-01
-1.097097097097097684e+00 4.271163592437222656e-01 -2.712484764281255512e-01
-1.081081081081080697e+00 4.239111438944022647e-01 -2.547752018966629728e-01
-1.065065065065065042e+00 4.203207225768649802e-01 -2.402112819661743059e-01
-1.049049049049049387e+00 4.221412601550303956e-01 -2.258634190387324159e-01
-1.033033033033032400e+00 4.175671426545048415e-01 -2.094925895774176761e-01
-1.017017017017017633e+00 4.166803981033672111e-01 -1.901033561272412742e-01
-1.001001001001000645e+00 4.022727265592448975e-01 -1.714946535617018208e-01
-9.849849849849849903e-01 3.976240312195096216e-01 -1.617404452216265054e-01
-9.689689689689693353e-01 3.910750945793325939e-01 -1.452834310407148943e-01
-9.529529529529523479e-01 3.787300955816589321e-01 -1.320632271429090232e-01
-9.369369369369375811e-01 3.702219145352560470e-01 -1.209127356263942354e-01
-9.209209209209205937e-01 3.603797492039547690e-01 -1.131643275173416230e-01
-9.049049049049049387e-01 3.544906760540409429e-01 -1.014514945693064940e-01
-8.888888888888892836e-01 3.432400128193700550e-01 -8.985287461615529270e-02
-8.728728728728722963e-01 3.331881782982893947e-01 -8.153258598949181257e-02
-8.568568568568575294e-01 3.245974796034999388e-01 -7.350231441546992150e-02
-8.408408408408405421e-01 3.140613165846612431e-01 -6.598885473479088049e-02
-8.248248248248248871e-01 3.054052386827119658e-01 -5.743358009107543682e-02
-8.088088088088092320e-01 2.954698118367120041e-01 -5.067848144796453791e-02
-7.927927927927922447e-01 2.851233760889760327e-01 -4.443113563717931980e-02
-7.767767767767774778e-01 2.748573282383597882e-01 -3.872640077155575095e-02
-7.607607607607604905e-01 2.653725084271131851e-01 -3.441482042622005799e-02
-7.447447447447448354e-01 2.562088534664608841e-01 -2.993093965604199866e-02
-7.287287287287287363e-01 2.464272770012412850e-01 -2.583120849733817198e-02
-7.127127127127121931e-01 2.376534431911396517e-01 -2.325126563316755324e-02
-6.966966966966974262e-01 2.291762187999733524e-01 -1.964511173253032095e-02
-6.806806806806804389e-01 2.204316044387350515e-01 -1.679319348489900429e-02
-6.646646646646647838e-01 2.117523746114049199e-01 -1.419323260127366461e-02
-6.486486486486486847e-01 2.032944480783271390e-01 -1.245269194270477026e-02
-6.326326326326321414e-01 1.954535310756129185e-01 -1.071545655696503480e-02
-6.166166166166173745e-01 1.879531066807507700e-01 -9.058327840267147227e-03
-6.006006006006003872e-01 1.803034603041118733e-01 -7.685044259778090782e-03
-5.845845845845847322e-01 1.732116531395421211e-01 -6.835727115946613197e-03
-5.685685685685686330e-01 1.662754020712511882e-01 -5.866920265185820646e-03
-5.525525525525520898e-01 1.595765589073608326e-01 -4.987329880567027696e-03
-5.365365365365373229e-01 1.530822821596350969e-01 -4.310805800345280520e-03
-5.205205205205203356e-01 1.468000154543606661e-01 -3.654660566743472144e-03
-5.045045045045046805e-01 1.405642436337324330e-01 -3.186110150294529670e-03
-4.884884884884885814e-01 1.346593258323104947e-01 -2.839867878309568997e-03
-4.724724724724720382e-01 1.289226242105976639e-01 -2.422641426062620632e-03
-4.564564564564572713e-01 1.233040420386911223e-01 -2.173619421090182587e-03
-4.404404404404402840e-01 1.178581691626036376e-01 -1.942254130061908972e-03
-4.244244244244246289e-01 1.125441999476521904e-01 -1.752828280836999601e-03
-4.084084084084085298e-01 1.073891740593670013e-01 -1.587271626571945711e-03
-3.923923923923919865e-01 1.023134888658096264e-01 -1.468459598542152123e-03
-3.763763763763772197e-01 9.740540188175350611e-02 -1.380092702094034250e-03
-3.603603603603602323e-01 9.257325428558960123e-02 -1.298501061597123534e-03
-3.443443443443445773e-01 8.784804288307240805e-02 -1.246037980990695763e-03
-3.283283283283284781e-01 8.321855369345219910e-02 -1.195961499035812399e-03
-3.123123123123119349e-01 7.868220276580550898e-02 -1.163914145061829570e-03
-2.962962962962971680e-01 7.422944227484026825e-02 -1.140350122661453088e-03
-2.802802802802801807e-01 6.985023312242752414e-02 -1.112889839637579885e-03
-2.642642642642645257e-01 6.553611966178915504e-02 -1.100322256692531312e-03
-2.482482482482484265e-01 6.128207026803700330e-02 -1.087135458598670898e-03
-2.322322322322318833e-01 5.708713810425793123e-02 -1.074618607486665847e-03
-2.162162162162157841e-01 5.294637241365210412e-02 -1.068446832514550375e-03
-2.002002002002001291e-01 4.884822052532074299e-02 -1.056761743816877260e-03
-1.841841841841844740e-01 4.479093801843850309e-02 -1.053287167128903572e-03
-1.681681681681683749e-01 4.077742777532834817e-02 -1.046360058194482304e-03
-1.521521521521518316e-01 3.679504755177626096e-02 -1.037056809851346966e-03
-1.361361361361357325e-01 3.283957985332099094e-02 -1.034873763202491179e-03
-1.201201201201200774e-01 2.891373390730899579e-02 -1.032521569107555572e-03
-1.041041041041044224e-01 2.500941271080789341e-02 -1.031131985860168476e-03
-8.808808808808832325e-02 2.112758554052805368e-02 -1.030060090051507227e-03
-7.207207207207178001e-02 1.726171867903960808e-02 -1.028246188641253681e-03
-5.605605605605568087e-02 1.340958403331160911e-02 -1.028597160196524684e-03
-4.004004004004002581e-02 9.568901208432501609e-03 -1.028591834313345331e-03
-2.402402402402437076e-02 5.735370693022472793e-03 -1.028151511919991358e-03
-8.008008008008271617e-03 1.905644869713349256e-03 -1.027601794421044087e-03
8.008008008008715706e-03 -1.922322290009839240e-03 -1.028160147431118063e-03
2.402402402402437076e-02 -5.751225611772516760e-03 -1.028852756643654220e-03
4.004004004004002581e-02 -9.584938700127498823e-03 -1.030213451718420790e-03
5.605605605605568087e-02 -1.342534964341127873e-02 -1.030176565387146874e-03
7.207207207207133592e-02 -1.727932206581273694e-02 -1.030528530230275658e-03
8.808808808808876734e-02 -2.114417417377664407e-02 -1.035744824235402921e-03
1.041041041041044224e-01 -2.502480628016412120e-02 -1.037254925242527166e-03
1.201201201201200774e-01 -2.892683960305169472e-02 -1.037576874964149650e-03
1.361361361361357325e-01 -3.285395973279685994e-02 -1.040416826315098547e-03
1.521521521521513876e-01 -3.680716847613951792e-02 -1.043318343038297747e-03
1.681681681681688190e-01 -4.079023287550258281e-02 -1.047744482882532763e-03
1.841841841841844740e-01 -4.480696719031726505e-02 -1.051565042440979515e-03
2.002002002002001291e-01 -4.886436617762082713e-02 -1.056958501597871731e-03
2.162162162162157841e-01 -5.296511405407065137e-02 -1.065465856826135031e-03
2.322322322322314392e-01 -5.711133997214192654e-02 -1.075210136480560848e-03
2.482482482482488706e-01 -6.130605213040438844e-02 -1.086542078206316876e-03
2.642642642642645257e-01 -6.556211556152802267e-02 -1.099059249484014497e-03
2.802802802802801807e-01 -6.988517023745249857e-02 -1.113872866809815241e-03
2.962962962962958358e-01 -7.427284283094993944e-02 -1.155028241422093906e-03
3.123123123123114908e-01 -7.872623305153786388e-02 -1.181738890338973440e-03
3.283283283283289222e-01 -8.324819695971549804e-02 -1.223939739145985580e-03
3.443443443443445773e-01 -8.786604388819868605e-02 -1.261104592936899320e-03
3.603603603603602323e-01 -9.258736850511206651e-02 -1.320088313296341204e-03
3.763763763763758874e-01 -9.740709825302304448e-02 -1.396146582312869817e-03
3.923923923923915424e-01 -1.023488809350202033e-01 -1.496612925972079858e-03
4.084084084084089739e-01 -1.073858008360352168e-01 -1.627994046639194689e-03
4.244244244244246289e-01 -1.125582385110767691e-01 -1.762191234810620575e-03
4.404404404404402840e-01 -1.178635884165117331e-01 -1.964445729968197427e-03
4.564564564564559390e-01 -1.233163993145470760e-01 -2.185404328784975973e-03
4.724724724724715941e-01 -1.288818549378755729e-01 -2.417461929946822762e-03
4.884884884884890255e-01 -1.346815993068387618e-01 -2.722506991393635126e-03
5.045045045045046805e-01 -1.406038777826287833e-01 -3.143171699661205000e-03
5.205205205205203356e-01 -1.468809223066668002e-01 -3.603094074146512543e-03
5.365365365365359906e-01 -1.531122581779524316e-01 -4.172259837588863929e-03
5.525525525525534221e-01 -1.596953359358894153e-01 -4.828330838022516433e-03
5.685685685685690771e-01 -1.664855741776317122e-01 -5.559804073622486367e-03
5.845845845845847322e-01 -1.736365553911984605e-01 -6.516560737478169912e-03
6.006006006006003872e-01 -1.809838307315388972e-01 -7.853558563627991568e-03
6.166166166166160423e-01 -1.884169448095905364e-01 -9.551503471918257326e-03
6.326326326326334737e-01 -1.957987800983594096e-01 -1.107343345030974494e-02
6.486486486486491287e-01 -2.037727574529273333e-01 -1.276086342012877281e-02
6.646646646646647838e-01 -2.119084008605786051e-01 -1.488123796899721435e-02
6.806806806806804389e-01 -2.203079254385375829e-01 -1.706899161724994771e-02
6.966966966966960939e-01 -2.291406673422479723e-01 -2.038032235315435925e-02
7.127127127127135253e-01 -2.377707333142632939e-01 -2.293205192633925027e-02
7.287287287287291804e-01 -2.469577630465384366e-01 -2.688738640242516187e-02
7.447447447447448354e-01 -2.555563044376638060e-01 -3.115502240966485509e-02
7.607607607607604905e-01 -2.648322464789379382e-01 -3.506051173863307391e-02
7.767767767767761455e-01 -2.745631678620555349e-01 -3.889978132284015871e-02
7.927927927927935770e-01 -2.848141492238026595e-01 -4.511484986017588739e-02
8.088088088088092320e-01 -2.940383217020515749e-01 -5.035487154296035273e-02
8.248248248248248871e-01 -3.050399937922602667e-01 -5.661530166149968124e-02
8.408408408408405421e-01 -3.143953559592205793e-01 -6.488347717461570574e-02
8.568568568568561972e-01 -3.245493222165058977e-01 -7.258996864069397481e-02
8.728728728728736286e-01 -3.337437976330550615e-01 -8.163962569500420041e-02
8.888888888888892836e-01 -3.428573947066682059e-01 -8.875591458051394766e-02
9.049049049049049387e-01 -3.533420920182695490e-01 -9.963309490200672469e-02
9.209209209209205937e-01 -3.637495732261469827e-01 -1.103081309625772305e-01
9.369369369369362488e-01 -3.736966215416217540e-01 -1.219358674031832956e-01
9.529529529529536802e-01 -3.818202536953068105e-01 -1.336655411013305539e-01
9.689689689689693353e-01 -3.915660007097319095e-01 -1.463827495755788410e-01
9.849849849849849903e-01 -3.993429741319911574e-01 -1.638528614084970303e-01
1.001001001001000645e+00 -4.036903090372038205e-01 -1.776749646610746303e-01
1.017017017017016300e+00 -4.112233794735620229e-01 -1.925096988619059979e-01
1.033033033033033732e+00 -4.173639083544511963e-01 -2.111857026040379892e-01
1.049049049049049387e+00 -4.208895825615048825e-01 -2.245977935983534957e-01
1.065065065065065042e+00 -4.204294531155645109e-01 -2.430104869129369460e-01
1.081081081081080697e+00 -4.252073408471161997e-01 -2.570124530852168077e-01
1.097097097097096352e+00 -4.276504776072712621e-01 -2.747265356556366500e-01
1.113113113113113783e+00 -4.290567719576828809e-01 -2.931926774603862418e-01
1.129129129129129439e+00 -4.307181276712104823e-01 -3.091814336286129450e-01
1.145145145145145094e+00 -4.303035802583190517e-01 -3.278294472064681164e-01
1.161161161161160749e+00 -4.286059203729273293e-01 -3.492109651470410303e-01
1.177177177177176404e+00 -4.264798677648778402e-01 -3.630563150578078879e-01
1.193193193193193835e+00 -4.228995409963778318e-01 -3.775356572344971129e-01
1.209209209209209490e+00 -4.230751721097677498e-01 -3.984485791318641001e-01
1.225225225225225145e+00 -4.129143469870327210e-01 -4.211235907779898868e-01
1.241241241241240800e+00 -3.978018220527108073e-01 -4.338392868916512990e-01
1.257257257257256455e+00 -3.956596331143817924e-01 -4.478626658498575663e-01
1.273273273273273887e+00 -3.896663473411174361e-01 -4.624534747554976954e-01
1.289289289289289542e+00 -3.788071838094972388e-01 -4.787697205291318037e-01
1.305305305305305197e+00 -3.751194529127662713e-01 -4.967045800924123622e-01
1.321321321321320852e+00 -3.600061945643839856e-01 -5.105414395870933042e-01
1.337337337337336507e+00 -3.528344215823714380e-01 -5.200202571415295516e-01
1.353353353353353938e+00 -3.411991177452918800e-01 -5.393808781019051590e-01
1.369369369369369593e+00 -3.210072446867656137e-01 -5.459410345890144400e-01
1.385385385385385248e+00 -3.215329981226744405e-01 -5.608985935928005873e-01
1.401401401401400904e+00 -3.047106784133507551e-01 -5.744314547681654837e-01
1.417417417417416559e+00 -2.944752623207506637e-01 -5.966775076055644833e-01
1.433433433433433990e+00 -2.707543692205534036e-01 -6.054315263616085740e-01
1.449449449449449645e+00 -2.517122338460371367e-01 -6.043486147737588965e-01
1.465465465465465300e+00 -2.465786739228177649e-01 -6.077261171944821072e-01
1.481481481481480955e+00 -2.316246323287603770e-01 -6.294255103183384881e-01
1.497497497497496610e+00 -2.095628712414093486e-01 -6.282244254449799170e-01
1.513513513513514042e+00 -1.919876020335826439e-01 -6.369717231714836503e-01
1.529529529529529697e+00 -1.746328734761693202e-01 -6.381369194048582827e-01
1.545545545545545352e+00 -1.635625006824618088e-01 -6.371766332276005418e-01
1.561561561561561007e+00 -1.513868452103350748e-01 -6.467704091558923452e-01
1.577577577577578438e+00 -1.338733278304829188e-01 -6.457514894928558791e-01
1.593593593593594093e+00 -1.243489097415834410e-01 -6.495896368762774653e-01
1.609609609609609748e+00 -1.129225921285642587e-01 -6.519512088546656203e-01
1.625625625625625403e+00 -8.930720872193825821e-02 -6.609121799281846288e-01
1.641641641641641058e+00 -7.965115931107172309e-02 -6.570756396449761727e-01
1.657657657657658490e+00 -6.287175235237606186e-02 -6.615528345949519551e-01
1.673673673673674145e+00 -3.919899697552057388e-02 -6.609140084424525163e-01
1.689689689689689800e+00 -2.855484716895259623e-02 -6.494887138208558230e-01
1.705705705705705455e+00 -1.735325416440215707e-02 -6.441310867374669957e-01
1.721721721721721110e+00 -6.966364372569163951e-03 -6.413882842460265632e-01
1.737737737737738541e+00 6.494561593459098961e-03 -6.396074812965006906e-01
1.753753753753754197e+00 1.535103469250255828e-02 -6.331892999542845235e-01
1.769769769769769852e+00 2.468507631486647688e-02 -6.308293457677021099e-01
1.785785785785785507e+00 3.014491079362009371e-02 -6.306263565128429338e-01
1.801801801801801162e+00 4.510212421081353368e-02 -6.266956823323890369e-01
1.817817817817818593e+00 5.719126581210069032e-02 -6.285945159297116058e-01
1.833833833833834248e+00 6.513636804554534532e-02 -6.174251497278897549e-01
1.849849849849849903e+00 7.805776711586280558e-02 -6.193277365037850313e-01
1.865865865865865558e+00 8.629968925178801986e-02 -6.089320665352745410e-01
1.881881881881881213e+00 9.301894443741254292e-02 -6.094367298762963792e-01
1.897897897897898645e+00 1.056350340193826787e-01 -6.058060663824278436e-01
1.913913913913914300e+00 1.198542015428296498e-01 -5.963381839591403999e-01
1.929929929929929955e+00 1.288175206611547052e-01 -5.853484493205350914e-01
1.945945945945945610e+00 1.297896952196443410e-01 -5.757684124811217607e-01
1.961961961961961265e+00 1.316701236083108739e-01 -5.699495665548417467e-01
1.977977977977978696e+00 1.361567374512393236e-01 -5.704411195953813518e-01
1.993993993993994351e+00 1.432002920274617896e-01 -5.662577210296332320e-01
2.010010010010010006e+00 1.511649818305267623e-01 -5.618390388687626302e-01
2.026026026026025662e+00 1.574003987768475277e-01 -5.585658488673305166e-01
2.042042042042041317e+00 1.654566511250112060e-01 -5.563729233002558949e-01
2.058058058058058748e+00 1.782273126794403084e-01 -5.480290585801664838e-01
2.074074074074074403e+00 1.802146494288622558e-01 -5.413658693910027297e-01
2.090090090090090058e+00 1.894467627206342653e-01 -5.334710151613240026e-01
2.106106106106105713e+00 1.910002654438788805e-01 -5.205133268713801886e-01
2.122122122122121368e+00 1.900969967521954074e-01 -5.188697226627396741e-01
2.138138138138138800e+00 1.987621695741997319e-01 -5.190503103344566993e-01
2.154154154154154455e+00 2.026115397629012493e-01 -5.068592459370661052e-01
2.170170170170170110e+00 2.018813469930307580e-01 -5.052979576617977475e-01
2.186186186186185765e+00 2.114446740325948981e-01 -5.034029601132152809e-01
2.202202202202201420e+00 2.146976622353612696e-01 -4.940737881838352941e-01
2.218218218218218851e+00 2.202940071023091195e-01 -4.894997483463762178e-01
2.234234234234234506e+00 2.240200340756096919e-01 -4.808593345846615130e-01
2.250250250250250161e+00 2.236888190540231303e-01 -4.733639821520999602e-01
2.266266266266265816e+00 2.216346908295239171e-01 -4.709432003205810680e-01
2.282282282282281471e+00 2.323199635130227814e-01 -4.710684122262207563e-01
2.298298298298298903e+00 2.368863022906175786e-01 -4.611448653858791213e-01
2.314314314314314558e+00 2.388917387258411573e-01 -4.547909590674455993e-01
2.330330330330330213e+00 2.400576696825740264e-01 -4.498992556097712314e-01
2.346346346346345868e+00 2.438970126647680425e-01 -4.455969925000848875e-01
2.362362362362361523e+00 2.468286124553745187e-01 -4.397118287472947529e-01
2.378378378378378954e+00 2.490149649677793620e-01 -4.339280326945235133e-01
2.394394394394394610e+00 2.513567880059938142e-01 -4.259344683616116956e-01
2.410410410410410265e+00 2.501954000031523795e-01 -4.217293954236211451e-01
2.426426426426425920e+00 2.520326779136939366e-01 -4.176536811126106974e-01
2.442442442442441575e+00 2.532210690418302268e-01 -4.114689253365407806e-01
2.458458458458459006e+00 2.538601047734785343e-01 -4.092887182750150066e-01
2.474474474474474661e+00 2.555286088006892276e-01 -4.030347592753105168e-01
2.490490490490490316e+00 2.553937235470450373e-01 -3.997720817869067633e-01
2.506506506506505971e+00 2.581848093330684213e-01 -3.955762332918163482e-01
2.522522522522523403e+00 2.588413758884912097e-01 -3.910979426119732261e-01
2.538538538538539058e+00 2.617559885240122175e-01 -3.855001940013781381e-01
2.554554554554554713e+00 2.610278847358886711e-01 -3.800606317842174509e-01
2.570570570570570368e+00 2.606939453013844554e-01 -3.758782088606786309e-01
2.586586586586586023e+00 2.583575028851509137e-01 -3.724209129675305485e-01
2.602602602602603454e+00 2.621687991494947578e-01 -3.720736995853912710e-01
2.618618618618619109e+00 2.639357701875958417e-01 -3.660895442561627466e-01
2.634634634634634764e+00 2.640936382376573022e-01 -3.610797252964562665e-01
2.650650650650650419e+00 2.654695250666480044e-01 -3.572251527840688556e-01
2.666666666666666075e+00 2.639661779009258025e-01 -3.532082338064306826e-01
2.682682682682683506e+00 2.640319961401989546e-01 -3.504012507091547324e-01
2.698698698698699161e+00 2.652852293187655808e-01 -3.484843890818363210e-01
2.714714714714714816e+00 2.679025815045042447e-01 -3.452729079929578448e-01
2.730730730730730471e+00 2.685930931726859816e-01 -3.390842900668764592e-01
2.746746746746746126e+00 2.675091874205809961e-01 -3.359259227837504413e-01
2.762762762762763558e+00 2.683387683936367951e-01 -3.319867754516451219e-01
2.778778778778779213e+00 2.679138158552746840e-01 -3.283862176630162888e-01
2.794794794794794868e+00 2.681351138953541602e-01 -3.244218693475828252e-01
2.810810810810810523e+00 2.675552887050637318e-01 -3.212189616400116798e-01
2.826826826826826178e+00 2.670019423714172779e-01 -3.182344603195635391e-01
2.842842842842843609e+00 2.677227093274336944e-01 -3.155447838456386656e-01
2.858858858858859264e+00 2.679564352077073441e-01 -3.118308954423580914e-01
2.874874874874874919e+00 2.675252467700025560e-01 -3.086637027789818077e-01
2.890890890890890574e+00 2.673293352713018711e-01 -3.056293197297524356e-01
2.906906906906906229e+00 2.675548892723743633e-01 -3.026775824174319229e-01
2.922922922922923661e+00 2.663812089051692533e-01 -2.992130173824937844e-01
2.938938938938939316e+00 2.654450844237110085e-01 -2.967199274250590935e-01
2.954954954954954971e+00 2.657605025937107568e-01 -2.955310632296316853e-01
2.970970970970970626e+00 2.665075362746620602e-01 -2.925647886046049972e-01
2.986986986986986281e+00 2.670179772095727655e-01 -2.893845395377069862e-01
3.003003003003003712e+00 2.659942540798975186e-01 -2.868165458871305695e-01
3.019019019019019368e+00 2.663415983092923822e-01 -2.829314874261127377e-01
3.035035035035035023e+00 2.662745252679865615e-01 -2.793288339950128485e-01
3.051051051051050678e+00 2.643631042334997905e-01 -2.770591627274567315e-01
3.067067067067066333e+00 2.643947689935861045e-01 -2.750174166336242787e-01
3.083083083083083764e+00 2.637591058982887704e-01 -2.727750488436945231e-01
3.099099099099099419e+00 2.641144175203425926e-01 -2.707146616291455365e-01
3.115115115115115074e+00 2.645590303284542366e-01 -2.675716635320526393e-01
3.131131131131130729e+00 2.640285566427333364e-01 -2.646589992191228369e-01
3.147147147147146384e+00 2.621833625652284505e-01 -2.623519161590239235e-01
3.163163163163163816e+00 2.618396648524886627e-01 -2.599191964011002276e-01
3.179179179179179471e+00 2.609714572383443620e-01 -2.587199366799715072e-01
3.195195195195195126e+00 2.613030662554677863e-01 -2.562249905762300495e-01
3.211211211211210781e+00 2.605848508060260582e-01 -2.529844044613986376e-01
3.227227227227226436e+00 2.594497950505029737e-01 -2.509658908033564617e-01
3.243243243243243867e+00 2.589517196631543339e-01 -2.496163911029291860e-01
3.259259259259259522e+00 2.589975468358546307e-01 -2.476890565338346062e-01
3.275275275275275177e+00 2.592734627056945684e-01 -2.453086832230219061e-01
3.291291291291290833e+00 2.579104774917806431e-01 -2.430679377064744184e-01
3.307307307307306488e+00 2.571961823173336548e-01 -2.405335441599910917e-01
3.323323323323323919e+00 2.562522596343088654e-01 -2.384748692275381887e-01
3.339339339339339574e+00 2.556767256886441353e-01 -2.383323715765267026e-01
3.355355355355355229e+00 2.554921275752317089e-01 -2.353406676551700882e-01
3.371371371371370884e+00 2.547464753754701272e-01 -2.337562390672841273e-01
3.387387387387386539e+00 2.551132046483914340e-01 -2.327658465708109525e-01
3.403403403403403971e+00 2.544034306730750816e-01 -2.289792630172450549e-01
3.419419419419419626e+00 2.532749838046439161e-01 -2.270309754943422575e-01
3.435435435435435281e+00 2.515492430534367330e-01 -2.263725135202721561e-01
3.451451451451450936e+00 2.519556239109288498e-01 -2.252819765010427577e-01
3.467467467467466591e+00 2.515572700467613720e-01 -2.228973755433943382e-01
3.483483483483484022e+00 2.514146838246684723e-01 -2.211903197661321263e-01
3.499499499499499677e+00 2.506065992958767530e-01 -2.192113162561870610e-01
3.515515515515515332e+00 2.501703333096681470e-01 -2.175687176868852657e-01
3.531531531531530987e+00 2.489187690225069249e-01 -2.160905241206511063e-01
3.547547547547548419e+00 2.486533481054997996e-01 -2.146606587205724948e-01
3.563563563563564074e+00 2.485686462938355434e-01 -2.128820590669748825e-01
3.579579579579579729e+00 2.479257920634065637e-01 -2.101308788770468450e-01
3.595595595595595384e+00 2.464439213369734871e-01 -2.087845225252397685e-01
3.611611611611611039e+00 2.450544557068329576e-01 -2.075478298828163926e-01
3.627627627627628470e+00 2.442330992739898121e-01 -2.056617827983899804e-01
3.643643643643644126e+00 2.432148092372282688e-01 -2.042259163155056290e-01
3.659659659659659781e+00 2.420940946440235664e-01 -2.038514247700696225e-01
3.675675675675675436e+00 2.404330008170234845e-01 -2.023909155535828508e-01
3.691691691691691091e+00 2.421579919698300110e-01 -2.033519372625173793e-01
3.707707707707708522e+00 2.419811168576281868e-01 -1.998518910510033164e-01
3.723723723723724177e+00 2.399044149320132824e-01 -1.973406323947461960e-01
3.739739739739739832e+00 2.383449911577118496e-01 -1.971886056716918301e-01
3.755755755755755487e+00 2.378041822134969729e-01 -1.966082671909808455e-01
3.771771771771771142e+00 2.360279985175115225e-01 -1.957189088945814892e-01
3.787787787787788574e+00 2.369393116727140924e-01 -1.959372381880594982e-01
3.803803803803804229e+00 2.374175030200577075e-01 -1.941802592999178345e-01
3.819819819819819884e+00 2.359737970032902143e-01 -1.932979641613856714e-01
3.835835835835835539e+00 2.361136563334465532e-01 -1.910218280434074489e-01
3.851851851851851194e+00 2.334660959110675116e-01 -1.896302943818469200e-01
3.867867867867868625e+00 2.343428503114962091e-01 -1.918925006194340255e-01
3.883883883883884280e+00 2.349916401159105328e-01 -1.898784098270172582e-01
3.899899899899899935e+00 2.345103281746359070e-01 -1.885285318769180651e-01
3.915915915915915591e+00 2.368895631865715612e-01 -1.870647052261302234e-01
3.931931931931931246e+00 2.330841314266267339e-01 -1.839367519448014687e-01
3.947947947947948677e+00 2.319408085362931193e-01 -1.836784030412482449e-01
3.963963963963964332e+00 2.314660638280887361e-01 -1.822308382892955381e-01
3.979979979979979987e+00 2.291858825282016010e-01 -1.804489236184456113e-01
3.995995995995995642e+00 2.283817952311216759e-01 -1.818658155914871233e-01
4.012012012012011297e+00 2.288929271977875324e-01 -1.794212588672750019e-01
4.028028028028028729e+00 2.276839355954352051e-01 -1.787318433229340975e-01
4.044044044044044384e+00 2.249409705580341090e-01 -1.791229591341599592e-01
4.060060060060060039e+00 2.254786355106578044e-01 -1.801128273512196398e-01
4.076076076076075694e+00 2.291633794234897159e-01 -1.795172309545413625e-01
4.092092092092091349e+00 2.257185785033465342e-01 -1.769553938282881211e-01
4.108108108108108780e+00 2.252618708831491956e-01 -1.768924807045573755e-01
4.124124124124124435e+00 2.242118187189381939e-01 -1.749023080386982731e-01
4.140140140140140090e+00 2.255708806657263088e-01 -1.767017844419894734e-01
4.156156156156155745e+00 2.251645755309963914e-01 -1.737684284958428416e-01
4.172172172172171400e+00 2.239844007482596766e-01 -1.732343948755034613e-01
4.188188188188188832e+00 2.228044689879873919e-01 -1.713948590517208048e-01
4.204204204204204487e+00 2.215499647657324656e-01 -1.704673416855654322e-01
4.220220220220220142e+00 2.193909991491399536e-01 -1.713765063031947311e-01
4.236236236236235797e+00 2.198856314997871819e-01 -1.718593542556696718e-01
4.252252252252251452e+00 2.199655455907627566e-01 -1.705321294960517875e-01
4.268268268268268884e+00 2.193481792417316112e-01 -1.712873381192504540e-01
4.284284284284284539e+00 2.197718977833134080e-01 -1.700045896154311897e-01
4.300300300300300194e+00 2.203585712427145182e-01 -1.704189301485053154e-01
4.316316316316315849e+00 2.185611791010735327e-01 -1.693452899323988903e-01
4.332332332332331504e+00 2.186169940850865578e-01 -1.699955753450993479e-01
4.348348348348348935e+00 2.192656540447979474e-01 -1.694764457056401885e-01
4.364364364364364590e+00 2.199511990532732331e-01 -1.671559455513202397e-01
4.380380380380380245e+00 2.181167854459079014e-01 -1.682109375700630849e-01
4.396396396396395900e+00 2.197591203971856477e-01 -1.661584454784463816e-01
4.412412412412411555e+00 2.188113742906505066e-01 -1.656381726765936702e-01
4.428428428428428987e+00 2.177453781181596937e-01 -1.656236725826760181e-01
4.444444444444444642e+00 2.178147541262867859e-01 -1.642246240189473849e-01
4.460460460460460297e+00 2.177498244430690622e-01 -1.632407222132987168e-01
4.476476476476475952e+00 2.160862634663962001e-01 -1.619475207833737107e-01
4.492492492492491607e+00 2.160228177849681241e-01 -1.642963069957251721e-01
4.508508508508509038e+00 2.164200879992111415e-01 -1.631619704963354900e-01
4.524524524524524693e+00 2.155947318385265654e-01 -1.615022011413264347e-01
4.540540540540540349e+00 2.148210099769916614e-01 -1.632527703279885722e-01
4.556556556556556004e+00 2.160475500269960492e-01 -1.644843559547010114e-01
4.572572572572573435e+00 2.193351751951774509e-01 -1.602498626236381896e-01
4.588588588588589090e+00 2.161038494822645206e-01 -1.612108886278336428e-01
4.604604604604604745e+00 2.165286664713463594e-01 -1.584412422884111105e-01
4.620620620620620400e+00 2.161461814706712170e-01 -1.584222505890232058e-01
4.636636636636636055e+00 2.149925775418468077e-01 -1.608410381242744436e-01
4.652652652652653487e+00 2.160678251663952498e-01 -1.593513325814422121e-01
4.668668668668669142e+00 2.167320364078414996e-01 -1.589347957465913619e-01
4.684684684684684797e+00 2.177702975767253635e-01 -1.560639266198780017e-01
4.700700700700700452e+00 2.144721460577805605e-01 -1.557380815818502906e-01
4.716716716716716107e+00 2.147882480166468655e-01 -1.579138165874153787e-01
4.732732732732733538e+00 2.185387455308457072e-01 -1.548836442159055027e-01
4.748748748748749193e+00 2.154199613065604368e-01 -1.538322382769548580e-01
4.764764764764764848e+00 2.159199520519944349e-01 -1.532847721617308090e-01
4.780780780780780503e+00 2.138391773870075285e-01 -1.515184124870357918e-01
4.796796796796796158e+00 2.129210678608239593e-01 -1.525092282801409627e-01
4.812812812812813590e+00 2.131198041765560713e-01 -1.524372528982715636e-01
4.828828828828829245e+00 2.126090431804812109e-01 -1.529356421007997957e-01
4.844844844844844900e+00 2.121659586941709863e-01 -1.521858830821012643e-01
4.860860860860860555e+00 2.109011700963612235e-01 -1.527393114977601274e-01
4.876876876876876210e+00 2.136313796537174514e-01 -1.536568399492004855e-01
4.892892892892893641e+00 2.139167919204103818e-01 -1.499737599346818162e-01
4.908908908908909297e+00 2.127459033806426980e-01 -1.519985071351351302e-01
4.924924924924924952e+00 2.117599504582112768e-01 -1.495417535792065711e-01
4.940940940940940607e+00 2.097019648100793832e-01 -1.498574034601728999e-01
4.956956956956956262e+00 2.090094672525231734e-01 -1.538427512759674431e-01
4.972972972972973693e+00 2.107942613207566540e-01 -1.540175391398774241e-01
4.988988988988989348e+00 2.123990839630869598e-01 -1.529484849273965441e-01
5.005005005005005003e+00 2.116016272522767971e-01 -1.554530321227977074e-01
5.021021021021020658e+00 2.145377624867949862e-01 -1.519482017661352158e-01
5.037037037037036313e+00 2.152927577632185452e-01 -1.523213250889396408e-01
5.053053053053053745e+00 2.118440951100590830e-01 -1.511187111693806928e-01
5.069069069069069400e+00 2.139996967796716776e-01 -1.524537552891985781e-01
5.085085085085085055e+00 2.170347602754801042e-01 -1.545361269549775374e-01
5.101101101101100710e+00 2.162395563927657083e-01 -1.496253991781787973e-01
5.117117117117116365e+00 2.147551456114470403e-01 -1.537329262370623617e-01
5.133133133133133796e+00 2.214665831558511322e-01 -1.512997873451822073e-01
5.149149149149149451e+00 2.187001988395619045e-01 -1.455825977208001776e-01
5.165165165165165106e+00 2.185601462294910202e-01 -1.465712861546020207e-01
5.181181181181180762e+00 2.185178264448805197e-01 -1.471391660365569676e-01
5.197197197197196417e+00 2.202959777752347970e-01 -1.459741608643152500e-01
5.213213213213213848e+00 2.183201370236384775e-01 -1.456715968180454790e-01
5.229229229229229503e+00 2.188114897096912759e-01 -1.444446754088697105e-01
5.245245245245245158e+00 2.186235251683612546e-01 -1.433227165122936964e-01
5.261261261261260813e+00 2.176604461764223286e-01 -1.427257065645861633e-01
5.277277277277276468e+00 2.175446200332458446e-01 -1.453837432123435414e-01
5.293293293293293900e+00 2.195191425122066942e-01 -1.439164745459934336e-01
5.309309309309309555e+00 2.197816354832107799e-01 -1.453569304063344614e-01
5.325325325325325210e+00 2.208685429820327895e-01 -1.444717428249534252e-01
5.341341341341340865e+00 2.233648441581988497e-01 -1.457664618319030603e-01
5.357357357357356520e+00 2.258378346170404616e-01 -1.425131240360175966e-01
5.373373373373373951e+00 2.250650162627988726e-01 -1.418331075538131480e-01
5.389389389389389606e+00 2.266982441297616946e-01 -1.398874795202867671e-01
5.405405405405405261e+00 2.262214392361470705e-01 -1.381694903249236495e-01
5.421421421421420916e+00 2.262750900896892403e-01 -1.382604902094001775e-01
5.437437437437436571e+00 2.279205453974579576e-01 -1.353310533208915145e-01
5.453453453453454003e+00 2.276226934721157780e-01 -1.326075862592502319e-01
5.469469469469469658e+00 2.250967283044418843e-01 -1.332137047691513976e-01
5.485485485485485313e+00 2.234274539242246393e-01 -1.320646490728700495e-01
5.501501501501500968e+00 2.236909415221346453e-01 -1.340018974927018880e-01
5.517517517517518399e+00 2.248894761234188633e-01 -1.340467102866626514e-01
5.533533533533534055e+00 2.259216960614094383e-01 -1.345223367591135977e-01
5.549549549549549710e+00 2.290102561738505682e-01 -1.344782076407770033e-01
5.565565565565565365e+00 2.313769712798192102e-01 -1.296032449890519023e-01
5.581581581581581020e+00 2.253757333425725762e-01 -1.274001286359928431e-01
5.597597597597598451e+00 2.253361645883972253e-01 -1.303842925991222368e-01
5.613613613613614106e+00 2.297043731185086923e-01 -1.291109557597542590e-01
5.629629629629629761e+00 2.272446150877599491e-01 -1.267670846318162403e-01
5.645645645645645416e+00 2.313118985831998931e-01 -1.261589240834914416e-01
5.661661661661661071e+00 2.300177972051645758e-01 -1.225787235565181932e-01
5.677677677677678503e+00 2.280844931740519665e-01 -1.231724268441202197e-01
5.693693693693694158e+00 2.283864791189023358e-01 -1.205227514932453586e-01
5.709709709709709813e+00 2.254648901109708170e-01 -1.213935398583923658e-01
5.725725725725725468e+00 2.266378216876590579e-01 -1.220239594347929946e-01
5.741741741741741123e+00 2.291714274157545528e-01 -1.246027976930886294e-01
5.757757757757758554e+00 2.307537915715208998e-01 -1.197598534550521343e-01
5.773773773773774209e+00 2.315477885386547918e-01 -1.188098204890661036e-01
5.789789789789789864e+00 2.288761755716411384e-01 -1.151935450901968860e-01
5.805805805805805520e+00 2.274375490412258727e-01 -1.163083177977028426e-01
5.821821821821821175e+00 2.294162803221893032e-01 -1.185587334513459046e-01
5.837837837837838606e+00 2.303664328400931161e-01 -1.166572883760634283e-01
5.853853853853854261e+00 2.293101750779500403e-01 -1.176476740377932206e-01
5.869869869869869916e+00 2.317379863909728999e-01 -1.139869658143774778e-01
5.885885885885885571e+00 2.332910390595622219e-01 -1.133538977327194219e-01
5.901901901901901226e+00 2.309044933054140436e-01 -1.125959090431969678e-01
5.917917917917918658e+00 2.312141417483392636e-01 -1.113737423058712428e-01
5.933933933933934313e+00 2.317694934544230478e-01 -1.104338712799248085e-01
5.949949949949949968e+00 2.316149547498922434e-01 -1.098156772127119596e-01
5.965965965965965623e+00 2.305082733059069244e-01 -1.070357618398540683e-01
5.981981981981981278e+00 2.335939138891509614e-01 -1.113033458239470475e-01
5.997997997997998709e+00 2.348924682596534030e-01 -1.082059658385771395e-01
6.014014014014014364e+00 2.345499689865083726e-01 -1.046590122918661103e-01
6.030030030030030019e+00 2.340921304540365955e-01 -1.029970520342969320e-01
6.046046046046045674e+00 2.343271318294233296e-01 -1.042034530673682513e-01
6.062062062062061329e+00 2.338301346641359912e-01 -1.024954121022969566e-01
6.078078078078078761e+00 2.360365332750441469e-01 -1.027590500935765816e-01
6.094094094094094416e+00 2.357246982330762630e-01 -9.958842562807170007e-02
6.110110110110110071e+00 2.363670327671596461e-01 -1.005631801349787108e-01
6.126126126126125726e+00 2.380883264165552238e-01 -9.792812639298323352e-02
6.142142142142141381e+00 2.371910741306709480e-01 -9.247572784578406146e-02
6.158158158158158813e+00 2.356268613338464990e-01 -9.186264642901138811e-02
6.174174174174174468e+00 2.356813771737160668e-01 -9.143916185471531732e-02
6.190190190190190123e+00 2.342204761255219370e-01 -9.191290451116677918e-02
6.206206206206205778e+00 2.349635030268950042e-01 -8.975269978337549470e-02
6.222222222222221433e+00 2.353741425157406530e-01 -9.207553733037776578e-02
6.238238238238238864e+00 2.363032061493316460e-01 -8.760493101401467531e-02
6.254254254254254519e+00 2.344936204437998439e-01 -8.555822889399433695e-02
6.270270270270270174e+00 2.337753502553656382e-01 -8.572473438040756344e-02
6.286286286286285829e+00 2.343411401815904127e-01 -8.567984988048082950e-02
6.302302302302301484e+00 2.346957911998026614e-01 -8.398646638787221619e-02
6.318318318318318916e+00 2.370679048429966684e-01 -8.158682251308795041e-02
6.334334334334334571e+00 2.342169667999333682e-01 -8.241920710861883048e-02
6.350350350350350226e+00 2.363809388578022308e-01 -7.760053998919969054e-02
6.366366366366365881e+00 2.336560540571010203e-01 -7.629788129428992371e-02
6.382382382382381536e+00 2.337905628292465399e-01 -7.605011347210816064e-02
6.398398398398398967e+00 2.325357113486063443e-01 -7.406671860056042445e-02
6.414414414414414622e+00 2.313832026718049550e-01 -7.348785924694008209e-02
6.430430430430430278e+00 2.296959053754290547e-01 -7.189551686977595224e-02
6.446446446446445933e+00 2.276073845224474979e-01 -7.213847465723846608e-02
6.462462462462461588e+00 2.283057098260790063e-01 -7.339609745401384777e-02
6.478478478478479019e+00 2.276811140113301490e-01 -7.181446752419240465e-02
6.494494494494494674e+00 2.251954752894329004e-01 -7.557686572180349893e-02
6.510510510510510329e+00 2.316291017757153847e-01 -7.453141150551265137e-02
6.526526526526525984e+00 2.303478435772235433e-01 -7.126160973126319242e-02
6.542542542542543416e+00 2.331674851916373803e-01 -6.821549339077169483e-02
6.558558558558559071e+00 2.293936620261816106e-01 -6.536959226938010570e-02
6.574574574574574726e+00 2.307059956866818751e-01 -6.725310479833768174e-02
6.590590590590590381e+00 2.304934476264127730e-01 -6.166824139484675116e-02
6.606606606606606036e+00 2.283680687977814594e-01 -6.194546409651319890e-02
6.622622622622623467e+00 2.278274540422882133e-01 -6.246646114393754334e-02
6.638638638638639122e+00 2.272432139115503069e-01 -6.081438214381563317e-02
6.654654654654654777e+00 2.272770036553645456e-01 -6.042981319686542563e-02
6.670670670670670432e+00 2.266536435630094604e-01 -5.830518389688808117e-02
6.686686686686686087e+00 2.248318378457920264e-01 -5.921060453730452727e-02
6.702702702702703519e+00 2.283357707639824541e-01 -5.770144892861688718e-02
6.718718718718719174e+00 2.264772133360748452e-01 -5.385390504348300245e-02
6.734734734734734829e+00 2.237289880234845374e-01 -5.429023918373892393e-02
6.750750750750750484e+00 2.247579541602697795e-01 -5.586036521135985533e-02
6.766766766766766139e+00 2.268692893614686346e-01 -5.345406006981241742e-02
6.782782782782783570e+00 2.255001638359913074e-01 -4.821171770112626237e-02
6.798798798798799226e+00 2.219469417643775144e-01 -4.863133150033465552e-02
6.814814814814814881e+00 2.240763861398290535e-01 -5.022365005787025882e-02
6.830830830830830536e+00 2.236253507679528685e-01 -4.612211876510154823e-02
6.846846846846846191e+00 2.211842657942669488e-01 -4.711127257467058460e-02
6.862862862862863622e+00 2.200472832343801921e-01 -4.494227771354766809e-02
6.878878878878879277e+00 2.201467861187860198e-01 -4.459398888168968067e-02
6.894894894894894932e+00 2.196257356579097153e-01 -4.252956130900704956e-02
6.910910910910910587e+00 2.177101267431755804e-01 -4.197567390612055166e-02
6.926926926926926242e+00 2.160457149853541314e-01 -4.155954874378368219e-02
6.942942942942943674e+00 2.160204371999816519e-01 -4.238361988271184544e-02
6.958958958958959329e+00 2.162050179574817599e-01 -4.106377381820085909e-02
6.974974974974974984e+00 2.155297945826538386e-01 -4.204139658905097637e-02
6.990990990990990639e+00 2.168622916782089738e-01 -3.959152461595089045e-02
7.007007007007006294e+00 2.145651857968266241e-01 -3.722201647337000652e-02
7.023023023023023725e+00 2.133198909933433363e-01 -3.848556343734577112e-02
7.039039039039039380e+00 2.137888080414449554e-01 -3.751207028756488315e-02
7.055055055055055035e+00 2.116712645748353994e-01 -3.551987203621475436e-02
7.071071071071070691e+00 2.116894346808144978e-01 -3.680597929493863163e-02
7.087087087087086346e+00 2.124352441091581778e-01 -3.719053782378299589e-02
7.103103103103103777e+00 2.130485402657325000e-01 -3.421907355379565085e-02
7.119119119119119432e+00 2.112947423794037105e-01 -3.235642130210717587e-02
7.135135135135135087e+00 2.105115853212873034e-01 -3.267479933126279934e-02
7.151151151151150742e+00 2.103795203590466678e-01 -3.031440000693961384e-02
7.167167167167166397e+00 2.087057153603424364e-01 -3.087743540181242530e-02
7.183183183183183829e+00 2.081858607209836065e-01 -2.968060026142578522e-02
7.199199199199199484e+00 2.075475704711370606e-01 -2.916959013598784817e-02
7.215215215215215139e+00 2.074064541534312300e-01 -2.855954217229559472e-02
7.231231231231230794e+00 2.065062223898339044e-01 -2.706605428124808643e-02
7.247247247247246449e+00 2.041026329784551563e-01 -2.660277435428995765e-02
7.263263263263263880e+00 2.041452453408810208e-01 -2.761913969755631221e-02
7.279279279279279535e+00 2.051281303289360369e-01 -2.617066591334694589e-02
7.295295295295295190e+00 2.028744830831285539e-01 -2.558727807254938813e-02
7.311311311311310845e+00 2.038173993950213592e-01 -2.434719420306855064e-02
7.327327327327326500e+00 2.021530271018603664e-01 -2.253959470457973097e-02
7.343343343343343932e+00 2.023116620851939107e-01 -2.178863990299627351e-02
7.359359359359359587e+00 2.010206186777820370e-01 -2.111102762607502265e-02
7.375375375375375242e+00 2.009583491924868404e-01 -2.113486012170645231e-02
7.391391391391390897e+00 1.992961205388938395e-01 -1.858578396179825024e-02
7.407407407407406552e+00 1.977441168687053830e-01 -1.853056260309463021e-02
7.423423423423423984e+00 1.963662794364677833e-01 -1.856528325093629445e-02
7.439439439439439639e+00 1.957479129895171588e-01 -1.823164298685306037e-02
7.455455455455455294e+00 1.950419293884769201e-01 -1.837317420292843007e-02
7.471471471471470949e+00 1.943917453562376552e-01 -1.742365292102219035e-02
7.487487487487486604e+00 1.930613677007330109e-01 -1.721285003905703714e-02
7.503503503503504035e+00 1.927334760618568121e-01 -1.764725315126870406e-02
7.519519519519519690e+00 1.925430116775600498e-01 -1.657863660354171736e-02
7.535535535535535345e+00 1.912671899149828159e-01 -1.570549839533593936e-02
7.551551551551551000e+00 1.911279385126744557e-01 -1.518517405204566038e-02
7.567567567567568432e+00 1.895756966224419471e-01 -1.456525548386493167e-02
7.583583583583584087e+00 1.885533942367446092e-01 -1.493422097603258614e-02
7.599599599599599742e+00 1.879047983599304583e-01 -1.484112437182084215e-02
7.615615615615615397e+00 1.887668078393369420e-01 -1.479276433131104102e-02
7.631631631631631052e+00 1.872500058991291849e-01 -1.293446804898967621e-02
7.647647647647648483e+00 1.863815498996381492e-01 -1.312910185112381445e-02
7.663663663663664138e+00 1.848200474673638571e-01 -1.341251641862193159e-02
7.679679679679679793e+00 1.858016413437234560e-01 -1.371254307649305212e-02
7.695695695695695449e+00 1.860679522970855038e-01 -1.152027479560913115e-02
7.711711711711711104e+00 1.846273694522892472e-01 -1.058943384227999107e-02
7.727727727727728535e+00 1.825186582341042918e-01 -1.061125979014922172e-02
7.743743743743744190e+00 1.823107774806948522e-01 -1.216819928261551886e-02
7.759759759759759845e+00 1.832435138848132472e-01 -1.170594107287126900e-02
7.775775775775775500e+00 1.832190157011595599e-01 -1.108755209265957671e-02
7.791791791791791155e+00 1.829573643942271621e-01 -9.831215904423238477e-03
7.807807807807808587e+00 1.823996731183420428e-01 -8.470002165333568797e-03
7.823823823823824242e+00 1.807693232803465888e-01 -7.362094013877277382e-03
7.839839839839839897e+00 1.791626505598920838e-01 -7.054213565210842689e-03
7.855855855855855552e+00 1.776572297656526245e-01 -7.164123072140498975e-03
7.871871871871871207e+00 1.791581037242794550e-01 -7.543904077802797772e-03
7.887887887887888638e+00 1.778678393407091551e-01 -6.053920956297696374e-03
7.903903903903904293e+00 1.772877982646996475e-01 -5.511845631984837318e-03
7.919919919919919948e+00 1.763045014621354434e-01 -5.304684013616967411e-03
7.935935935935935603e+00 1.754357283327581674e-01 -4.589463881974110288e-03
7.951951951951951258e+00 1.745367034319438848e-01 -4.896473483585362871e-03
7.967967967967968690e+00 1.746434579522408437e-01 -4.312085156760583904e-03
7.983983983983984345e+00 1.751054794204115472e-01 -3.789337949520374046e-03
8.000000000000000000e+00 1.746888354167897006e-01 0.000000000000000000e+00
