          E                       Re Gloc                  Im Gloc
-8.000000000000000000e+00 -1.393818733021380818e-01 0.000000000000000000e+00
-7.983983983983984345e+00 -1.405109952373190252e-01 -3.714860006967221455e-03
-7.967967967967968690e+00 -1.390677142320795312e-01 -4.088567458135936722e-03
-7.951951951951951258e+00 -1.396385365757414621e-01 -4.486955293554171359e-03
-7.935935935935935603e+00 -1.387654646723428253e-01 -3.971824368084054223e-03
-7.919919919919919948e+00 -1.393796538906902360e-01 -4.743661229253157835e-03
-7.903903903903904293e+00 -1.393370201034199451e-01 -4.208715557157764395e-03
-7.887887887887888638e+00 -1.409145752438010213e-01 -3.872366241134048842e-03
-7.871871871871871207e+00 -1.417266682263355060e-01 -4.446207119175220671e-03
-7.855855855855855552e+00 -1.425801799032374306e-01 -4.941845729582762525e-03
-7.839839839839839897e+00 -1.426929593536696295e-01 -6.324803571758171560e-03
-7.823823823823824242e+00 -1.432251647969385866e-01 -6.667494493930010112e-03
-7.807807807807808587e+00 -1.434325604951849076e-01 -7.659219099910642356e-03
-7.791791791791791155e+00 -1.430513304208808900e-01 -7.528040557545660413e-03
-7.775775775775775500e+00 -1.435203350465245886e-01 -8.104699505793845973e-03
-7.759759759759759845e+00 -1.434197076433499363e-01 -8.102719214081573196e-03
-7.743743743743744190e+00 -1.443409287618633297e-01 -8.154504952813961330e-03
-7.727727727727728535e+00 -1.445242336766309199e-01 -8.562535335733626254e-03
-7.711711711711711104e+00 -1.447179295499629870e-01 -8.508065832996824715e-03
-7.695695695695695449e+00 -1.448995997610891817e-01 -9.263470704737030229e-03
-7.679679679679679793e+00 -1.451090917344361464e-01 -9.132399289796869907e-03
-7.663663663663664138e+00 -1.458579702204810813e-01 -8.614549547709043908e-03
-7.647647647647648483e+00 -1.468595667876063382e-01 -9.469324684539797560e-03
-7.631631631631631052e+00 -1.471246914289352503e-01 -9.869810100528883523e-03
-7.615615615615615397e+00 -1.475143844490823253e-01 -1.019602024867954926e-02
-7.599599599599599742e+00 -1.477393297386195015e-01 -1.041076240294497302e-02
-7.583583583583584087e+00 -1.484032501617523203e-01 -1.087963712843499631e-02
-7.567567567567568432e+00 -1.487347054618024522e-01 -1.109901321550136113e-02
-7.551551551551551000e+00 -1.489889989721715491e-01 -1.156210782924473567e-02
-7.535535535535535345e+00 -1.491662792639250334e-01 -1.117447238605905578e-02
-7.519519519519519690e+00 -1.502378152197229033e-01 -1.137730125717686253e-02
-7.503503503503504035e+00 -1.511686827049474879e-01 -1.137426627132306217e-02
-7.487487487487488380e+00 -1.518378029823153341e-01 -1.316636231910265319e-02
-7.471471471471470949e+00 -1.514931406817394133e-01 -1.347881108599757738e-02
-7.455455455455455294e+00 -1.514541614373292600e-01 -1.349439211791563474e-02
-7.439439439439439639e+00 -1.521650865204137726e-01 -1.332839839664044443e-02
-7.423423423423423984e+00 -1.533099524544320191e-01 -1.374281314954888325e-02
-7.407407407407408328e+00 -1.538650259256885700e-01 -1.461171128922830915e-02
-7.391391391391390897e+00 -1.549160443957366406e-01 -1.529238736551660413e-02
-7.375375375375375242e+00 -1.545857801485006622e-01 -1.605842063241694553e-02
-7.359359359359359587e+00 -1.552427667473422757e-01 -1.627449144667193759e-02
-7.343343343343343932e+00 -1.554055089897866671e-01 -1.658818361190379786e-02
-7.327327327327326500e+00 -1.560845755988518047e-01 -1.742322398678747969e-02
-7.311311311311310845e+00 -1.562430063671639835e-01 -1.692810175690138280e-02
-7.295295295295295190e+00 -1.564699476291021574e-01 -1.958158912513925654e-02
-7.279279279279279535e+00 -1.561213188386247341e-01 -1.983031287282976951e-02
-7.263263263263263880e+00 -1.563231139207879039e-01 -1.858170695752483365e-02
-7.247247247247246449e+00 -1.569014109002161428e-01 -1.986840174478633758e-02
-7.231231231231230794e+00 -1.558098947041756666e-01 -1.932461273386040096e-02
-7.215215215215215139e+00 -1.572144495167958622e-01 -1.865267520504605356e-02
-7.199199199199199484e+00 -1.585986859828265594e-01 -1.850989282877799763e-02
-7.183183183183183829e+00 -1.591826796324661286e-01 -1.962540329653460550e-02
-7.167167167167166397e+00 -1.600488907908395597e-01 -2.016184285377446359e-02
-7.151151151151150742e+00 -1.600996338008883746e-01 -1.990194841798923614e-02
-7.135135135135135087e+00 -1.615835088567972311e-01 -2.060200376120814580e-02
-7.119119119119119432e+00 -1.616082006728302711e-01 -2.202336974504499195e-02
-7.103103103103103777e+00 -1.628444929538377939e-01 -2.266316863242838139e-02
-7.087087087087086346e+00 -1.639833902317249792e-01 -2.375007453524496243e-02
-7.071071071071070691e+00 -1.639845943411283313e-01 -2.511742981655613535e-02
-7.055055055055055035e+00 -1.644164818384564186e-01 -2.502393149563811314e-02
-7.039039039039039380e+00 -1.629063369857825239e-01 -2.725678492892892602e-02
-7.023023023023023725e+00 -1.628633871130686084e-01 -2.569819855425115734e-02
-7.007007007007006294e+00 -1.639951213501355254e-01 -2.808538269917739902e-02
-6.990990990990990639e+00 -1.627582818614209392e-01 -2.767661322472054347e-02
-6.974974974974974984e+00 -1.642208810322229873e-01 -2.631295878639784008e-02
-6.958958958958959329e+00 -1.655292997578081682e-01 -2.687473620334994429e-02
-6.942942942942943674e+00 -1.661473181124726584e-01 -2.804631111262672130e-02
-6.926926926926926242e+00 -1.671143732473495402e-01 -2.919518419390296909e-02
-6.910910910910910587e+00 -1.677014101579088479e-01 -3.014592776448740685e-02
-6.894894894894894932e+00 -1.667734724767484245e-01 -3.181092991133803449e-02
-6.878878878878879277e+00 -1.672644225999157797e-01 -3.111491325354504706e-02
-6.862862862862863622e+00 -1.664298952412249233e-01 -3.297726164958892509e-02
-6.846846846846846191e+00 -1.672086574973854489e-01 -3.221641320557197541e-02
-6.830830830830830536e+00 -1.671330374178244815e-01 -3.152338666208864132e-02
-6.814814814814814881e+00 -1.681618975098051472e-01 -3.100794713425923665e-02
-6.798798798798799226e+00 -1.707078906944896335e-01 -3.253652202021403705e-02
-6.782782782782781794e+00 -1.705056493918033489e-01 -3.538746406797856764e-02
-6.766766766766766139e+00 -1.710172806443285842e-01 -3.514328167257314839e-02
-6.750750750750750484e+00 -1.718527654946573335e-01 -3.780006758575114173e-02
-6.734734734734734829e+00 -1.703973332938074625e-01 -3.818213791745553309e-02
-6.718718718718719174e+00 -1.704827982245729900e-01 -3.739451556078899480e-02
-6.702702702702701743e+00 -1.714787562856296410e-01 -3.728075772387459685e-02
-6.686686686686686087e+00 -1.724991994136734763e-01 -4.050828993333988048e-02
-6.670670670670670432e+00 -1.715131464756782242e-01 -4.019912960562926213e-02
-6.654654654654654777e+00 -1.709516039812418731e-01 -4.246681001021201940e-02
-6.638638638638639122e+00 -1.721599627425254853e-01 -4.191020276594445426e-02
-6.622622622622621691e+00 -1.718919723523950338e-01 -4.199855419021499697e-02
-6.606606606606606036e+00 -1.723327286832000704e-01 -4.541273459713039695e-02
-6.590590590590590381e+00 -1.719433309253384223e-01 -4.421502178444440545e-02
-6.574574574574574726e+00 -1.725694957753431957e-01 -4.514129200584118817e-02
-6.558558558558559071e+00 -1.702437765390066859e-01 -4.684381979084101949e-02
-6.542542542542541639e+00 -1.695217244100779563e-01 -4.464144270265620051e-02
-6.526526526526525984e+00 -1.710459114651312618e-01 -4.254964479899230045e-02
-6.510510510510510329e+00 -1.734240796362649661e-01 -4.403334734920941879e-02
-6.494494494494494674e+00 -1.743695591289687319e-01 -4.593607657256364857e-02
-6.478478478478479019e+00 -1.740255646072804696e-01 -4.713496867078387220e-02
-6.462462462462461588e+00 -1.747391774971301381e-01 -4.698217077660492291e-02
-6.446446446446445933e+00 -1.751004375933009616e-01 -4.835625353804755971e-02
-6.430430430430430278e+00 -1.752988341626204316e-01 -4.906817873195551405e-02
-6.414414414414414622e+00 -1.775427152704014966e-01 -4.931347877721180273e-02
-6.398398398398398967e+00 -1.781518008124044761e-01 -5.283079090831649394e-02
-6.382382382382381536e+00 -1.766175603341151312e-01 -5.514394884449694278e-02
-6.366366366366365881e+00 -1.756214507001094827e-01 -5.469872397480891185e-02
-6.350350350350350226e+00 -1.771447988329747925e-01 -5.329657884228930498e-02
-6.334334334334334571e+00 -1.777546931356083770e-01 -5.616920569459582513e-02
-6.318318318318318916e+00 -1.794496984787142535e-01 -5.915833232258821406e-02
-6.302302302302301484e+00 -1.773036466273991141e-01 -5.938751784370973480e-02
-6.286286286286285829e+00 -1.754865101681978290e-01 -6.035488427030150094e-02
-6.270270270270270174e+00 -1.763347452260682902e-01 -5.946277095241857963e-02
-6.254254254254254519e+00 -1.764832282756275128e-01 -6.164813588304040443e-02
-6.238238238238238864e+00 -1.753086270379473621e-01 -6.304994525498952562e-02
-6.222222222222221433e+00 -1.765401535344964523e-01 -6.304788165372524067e-02
-6.206206206206205778e+00 -1.756074463131754582e-01 -6.419663981619727622e-02
-6.190190190190190123e+00 -1.740200297745876368e-01 -6.545482405506319878e-02
-6.174174174174174468e+00 -1.762554064109277396e-01 -6.545044136169635152e-02
-6.158158158158158813e+00 -1.769174593970933018e-01 -6.640196376555468349e-02
-6.142142142142141381e+00 -1.751243646311435587e-01 -6.801432748697121278e-02
-6.126126126126125726e+00 -1.765186265424839029e-01 -6.968576124857657483e-02
-6.110110110110110071e+00 -1.763983634616365925e-01 -6.959724780356767171e-02
-6.094094094094094416e+00 -1.750241089457806321e-01 -7.184220235128573051e-02
-6.078078078078078761e+00 -1.738216429874938351e-01 -7.586976270063562622e-02
-6.062062062062061329e+00 -1.693001315629142078e-01 -7.643712783200927452e-02
-6.046046046046045674e+00 -1.680479772766689806e-01 -7.400717231257120110e-02
-6.030030030030030019e+00 -1.699761742429161671e-01 -7.106674596356074569e-02
-6.014014014014014364e+00 -1.708793751803923122e-01 -7.353530311316835988e-02
-5.997997997997998709e+00 -1.707953956388780781e-01 -7.631084630588923223e-02
-5.981981981981981278e+00 -1.676762577113710684e-01 -7.612774848408804251e-02
-5.965965965965965623e+00 -1.684997473546361035e-01 -7.383602050516603621e-02
-5.949949949949949968e+00 -1.707469876081879612e-01 -7.530489377404957219e-02
-5.933933933933934313e+00 -1.707973630762802952e-01 -7.854423193891686694e-02
-5.917917917917918658e+00 -1.699342313392911696e-01 -7.850532405092497390e-02
-5.901901901901901226e+00 -1.700192459273407730e-01 -7.886369598642246903e-02
-5.885885885885885571e+00 -1.677443663451345379e-01 -8.196205929329472561e-02
-5.869869869869869916e+00 -1.668931890069155488e-01 -8.009638681597522347e-02
-5.853853853853854261e+00 -1.675862446934631156e-01 -8.104803150851533355e-02
-5.837837837837838606e+00 -1.673708229063024244e-01 -8.255217238605490337e-02
-5.821821821821821175e+00 -1.669528038906214207e-01 -8.079213635146514916e-02
-5.805805805805805520e+00 -1.686870876301497235e-01 -8.309043630110587997e-02
-5.789789789789789864e+00 -1.660422838432613069e-01 -8.807652367648119429e-02
-5.773773773773774209e+00 -1.627899406726839304e-01 -8.257505816075977334e-02
-5.757757757757758554e+00 -1.644411426336567228e-01 -8.624140077416204975e-02
-5.741741741741741123e+00 -1.640646129199824776e-01 -8.523476193749254803e-02
-5.725725725725725468e+00 -1.637425389846859924e-01 -8.637625720807574903e-02
-5.709709709709709813e+00 -1.621520725519936812e-01 -8.778162078741261198e-02
-5.693693693693694158e+00 -1.604650805758535692e-01 -8.853361202488303772e-02
-5.677677677677678503e+00 -1.599708790999234131e-01 -8.774924126650353318e-02
-5.661661661661661071e+00 -1.631303995696499198e-01 -8.579655314227473129e-02
-5.645645645645645416e+00 -1.617193327020974014e-01 -9.027608611482931811e-02
-5.629629629629629761e+00 -1.592563720681407502e-01 -9.291086346390078909e-02
-5.613613613613614106e+00 -1.547784980352275297e-01 -9.186433917179637199e-02
-5.597597597597598451e+00 -1.555374278604281790e-01 -8.747812059270836105e-02
-5.581581581581581020e+00 -1.588978891642782165e-01 -9.027526860942242104e-02
-5.565565565565565365e+00 -1.585334656136916376e-01 -9.344245417050792146e-02
-5.549549549549549710e+00 -1.523119964509529467e-01 -9.319677211975993525e-02
-5.533533533533534055e+00 -1.557475004414212438e-01 -9.123923739630007690e-02
-5.517517517517518399e+00 -1.507232703446208522e-01 -9.358736335848100163e-02
-5.501501501501500968e+00 -1.528015286701729369e-01 -8.876941390041839797e-02
-5.485485485485485313e+00 -1.544128114830260190e-01 -9.238733174245386537e-02
-5.469469469469469658e+00 -1.521603389494453895e-01 -9.238291151689156933e-02
-5.453453453453454003e+00 -1.508155101950931776e-01 -9.193360876627995615e-02
-5.437437437437438348e+00 -1.525820728458145148e-01 -9.044775764954415820e-02
-5.421421421421420916e+00 -1.563765503060816076e-01 -9.222873877372940454e-02
-5.405405405405405261e+00 -1.528135845046136865e-01 -9.741126199199631741e-02
-5.389389389389389606e+00 -1.499852504291178668e-01 -9.832597959819085187e-02
-5.373373373373373951e+00 -1.453513919538869381e-01 -9.968598805312936517e-02
-5.357357357357358296e+00 -1.468852374436823149e-01 -9.542438286502823164e-02
-5.341341341341340865e+00 -1.451927513177310725e-01 -9.809980279635314993e-02
-5.325325325325325210e+00 -1.419228224625746770e-01 -9.614964064228095908e-02
-5.309309309309309555e+00 -1.410665615545185214e-01 -9.497520322820612870e-02
-5.293293293293293900e+00 -1.436822565192868162e-01 -9.303294585888466361e-02
-5.277277277277278245e+00 -1.438824123775045150e-01 -9.551364276296023248e-02
-5.261261261261260813e+00 -1.403146385287118991e-01 -9.556984283452159279e-02
-5.245245245245245158e+00 -1.407890363293688996e-01 -9.445744462089078475e-02
-5.229229229229229503e+00 -1.377946953553015885e-01 -9.429733070928483785e-02
-5.213213213213213848e+00 -1.399360237705525867e-01 -9.160374791681555329e-02
-5.197197197197198193e+00 -1.400156069593561647e-01 -9.399388177934342448e-02
-5.181181181181180762e+00 -1.380440500015586991e-01 -9.505480934921231584e-02
-5.165165165165165106e+00 -1.367728417197514867e-01 -9.616825153746727528e-02
-5.149149149149149451e+00 -1.372924928157029933e-01 -9.473780413762508679e-02
-5.133133133133133796e+00 -1.331957766426692114e-01 -9.684835025665891606e-02
-5.117117117117118141e+00 -1.332676646095153350e-01 -9.197151785732318729e-02
-5.101101101101100710e+00 -1.312085536288394583e-01 -9.079239893865360955e-02
-5.085085085085085055e+00 -1.338387817564093973e-01 -9.156790977530263054e-02
-5.069069069069069400e+00 -1.324240960275732404e-01 -8.900141104277994875e-02
-5.053053053053051968e+00 -1.340046120018884013e-01 -8.975145938816755931e-02
-5.037037037037038090e+00 -1.323854649467756106e-01 -9.282307442214984827e-02
-5.021021021021020658e+00 -1.306623007063972275e-01 -8.863821705472438306e-02
-5.005005005005005003e+00 -1.316151676600802456e-01 -8.868353096450926065e-02
-4.988988988988989348e+00 -1.313458896419462674e-01 -8.984107371764982197e-02
-4.972972972972971917e+00 -1.306486976538479561e-01 -9.046991693882533436e-02
-4.956956956956958038e+00 -1.284085007099740050e-01 -9.144204303135219924e-02
-4.940940940940940607e+00 -1.271635437378640932e-01 -8.982173989684300031e-02
-4.924924924924924952e+00 -1.266153683661562779e-01 -8.850800161764089957e-02
-4.908908908908909297e+00 -1.242471635392919382e-01 -8.760242980330160134e-02
-4.892892892892891865e+00 -1.250485752362838765e-01 -8.431376554806438439e-02
-4.876876876876877986e+00 -1.244199684128153294e-01 -8.236045935138058827e-02
-4.860860860860860555e+00 -1.259977829834822705e-01 -8.176674098659508783e-02
-4.844844844844844900e+00 -1.275413662665574877e-01 -8.108464870799785007e-02
-4.828828828828829245e+00 -1.279943868220336234e-01 -8.178161697162461552e-02
-4.812812812812811814e+00 -1.258992721676374660e-01 -8.291497313210585696e-02
-4.796796796796796158e+00 -1.273236022987973559e-01 -8.313982358203947376e-02
-4.780780780780780503e+00 -1.236448060123523512e-01 -8.159379172748693065e-02
-4.764764764764764848e+00 -1.257381714716852006e-01 -7.981210604276653409e-02
-4.748748748748749193e+00 -1.256733343705563888e-01 -7.982703194353095444e-02
-4.732732732732731762e+00 -1.275072584242887275e-01 -7.914162103107270918e-02
-4.716716716716716107e+00 -1.252767336280729560e-01 -8.227042750936001958e-02
-4.700700700700700452e+00 -1.228386322477391795e-01 -7.797201052367395968e-02
-4.684684684684684797e+00 -1.251358467739188685e-01 -7.799260012522929442e-02
-4.668668668668669142e+00 -1.255159091342121502e-01 -7.750372781710929138e-02
-4.652652652652651710e+00 -1.256702533232028629e-01 -7.667581388273686516e-02
-4.636636636636636055e+00 -1.220567850866956933e-01 -7.912710213212695298e-02
-4.620620620620620400e+00 -1.231012152886345190e-01 -7.434539444447707535e-02
-4.604604604604604745e+00 -1.235991137673355528e-01 -7.488085177737405229e-02
-4.588588588588589090e+00 -1.237190671490072114e-01 -7.375563506291082927e-02
-4.572572572572571659e+00 -1.233288502331156417e-01 -7.284500052653361535e-02
-4.556556556556556004e+00 -1.226802710218303782e-01 -7.431975733623791269e-02
-4.540540540540540349e+00 -1.247885770347880868e-01 -7.289733266412722068e-02
-4.524524524524524693e+00 -1.217691932084455364e-01 -7.427367029754930461e-02
-4.508508508508509038e+00 -1.232254748165461378e-01 -7.124488180003350768e-02
-4.492492492492491607e+00 -1.212121893940151518e-01 -7.012860725417319196e-02
-4.476476476476475952e+00 -1.250498138786990676e-01 -6.927311669362576363e-02
-4.460460460460460297e+00 -1.199613229974394457e-01 -7.230602814265317535e-02
-4.444444444444444642e+00 -1.180830166736108605e-01 -6.607936901610284020e-02
-4.428428428428428987e+00 -1.224838958942782718e-01 -6.326537251546250629e-02
-4.412412412412411555e+00 -1.229745430501740511e-01 -6.528228582173108141e-02
-4.396396396396395900e+00 -1.224965223728696345e-01 -6.525083225952518773e-02
-4.380380380380380245e+00 -1.238012095650531802e-01 -6.265325329946630495e-02
-4.364364364364364590e+00 -1.239992975782735762e-01 -6.180030689255730514e-02
-4.348348348348348935e+00 -1.232258403616056236e-01 -6.176428831688342974e-02
-4.332332332332331504e+00 -1.233866594674076084e-01 -5.891298680243398089e-02
-4.316316316316315849e+00 -1.248200273576848818e-01 -5.730499685397405507e-02
-4.300300300300300194e+00 -1.258532825582346915e-01 -5.809793979867726443e-02
-4.284284284284284539e+00 -1.264829465230648264e-01 -5.509020210900308911e-02
-4.268268268268268884e+00 -1.275199244651807895e-01 -5.517444885176361197e-02
-4.252252252252251452e+00 -1.283232399234998100e-01 -5.521540672535400762e-02
-4.236236236236235797e+00 -1.307294405407621318e-01 -5.330528404272227849e-02
-4.220220220220220142e+00 -1.297486208499402660e-01 -5.457518377246298180e-02
-4.204204204204204487e+00 -1.314572401160986337e-01 -5.425828280160456540e-02
-4.188188188188188832e+00 -1.305644763992207802e-01 -5.465475683454619482e-02
-4.172172172172171400e+00 -1.312853796246056803e-01 -5.347922390644995611e-02
-4.156156156156155745e+00 -1.316876285429866844e-01 -5.262213086108434579e-02
-4.140140140140140090e+00 -1.321992571806363537e-01 -5.259426231812983077e-02
-4.124124124124124435e+00 -1.330408243720213046e-01 -5.102364898547599725e-02
-4.108108108108108780e+00 -1.334732173531899269e-01 -4.997211116311156553e-02
-4.092092092092091349e+00 -1.351359175462053530e-01 -4.958438345441078254e-02
-4.076076076076075694e+00 -1.348432086765268545e-01 -4.927992148978843634e-02
-4.060060060060060039e+00 -1.358608285267670079e-01 -4.884595320606739677e-02
-4.044044044044044384e+00 -1.374143241925337433e-01 -4.860126936438218664e-02
-4.028028028028028729e+00 -1.370153798424066371e-01 -4.815206286973548744e-02
-4.012012012012011297e+00 -1.371792461993147638e-01 -4.765339448519638477e-02
-3.995995995995995642e+00 -1.382964519366499667e-01 -4.636098982531131757e-02
-3.979979979979979987e+00 -1.390660496649915034e-01 -4.574031157531514846e-02
-3.963963963963964332e+00 -1.397374100552038478e-01 -4.505102009412126352e-02
-3.947947947947948233e+00 -1.409538726964691957e-01 -4.351284628664239817e-02
-3.931931931931931690e+00 -1.422887468738255334e-01 -4.357615042783768294e-02
-3.915915915915915591e+00 -1.435943047244772064e-01 -4.331650519559204077e-02
-3.899899899899899935e+00 -1.440748003803742350e-01 -4.380861081452740169e-02
-3.883883883883884280e+00 -1.449715022928286245e-01 -4.251101838324160970e-02
-3.867867867867868181e+00 -1.453890397267277867e-01 -4.245225389196698174e-02
-3.851851851851851638e+00 -1.475226982293386113e-01 -4.126388740412603728e-02
-3.835835835835835539e+00 -1.476456652475138798e-01 -4.194588175841298949e-02
-3.819819819819819884e+00 -1.493670407271385780e-01 -4.159281537505035015e-02
-3.803803803803804229e+00 -1.496931750404201789e-01 -4.271758940898039841e-02
-3.787787787787788130e+00 -1.485777527293586364e-01 -4.141773134368353926e-02
-3.771771771771771586e+00 -1.505920896241050855e-01 -3.964340913307193293e-02
-3.755755755755755487e+00 -1.506717388671601765e-01 -3.856062421661696216e-02
-3.739739739739739832e+00 -1.540866553523457527e-01 -3.944892585886956154e-02
-3.723723723723722845e+00 -1.528545289569384624e-01 -3.998011046565089210e-02
-3.707707707707708078e+00 -1.554975687312712407e-01 -3.796523699965656529e-02
-3.691691691691691535e+00 -1.562035110989021813e-01 -3.754558334771119360e-02
-3.675675675675675436e+00 -1.573597918494117898e-01 -3.855966668144585052e-02
-3.659659659659659781e+00 -1.581577161592158665e-01 -3.842909219903816592e-02
-3.643643643643642793e+00 -1.571257269607392315e-01 -3.785069776988737172e-02
-3.627627627627628026e+00 -1.577043936825339721e-01 -3.611837159434282130e-02
-3.611611611611611483e+00 -1.606901853244459555e-01 -3.616429298919016100e-02
-3.595595595595595384e+00 -1.614631860003567509e-01 -3.651220289805336139e-02
-3.579579579579579729e+00 -1.618584397524487350e-01 -3.551898042740007921e-02
-3.563563563563562742e+00 -1.637671851022881875e-01 -3.464394280529636827e-02
-3.547547547547547975e+00 -1.651200166046837281e-01 -3.498781725050274793e-02
-3.531531531531531432e+00 -1.670567256008252399e-01 -3.543816360388087061e-02
-3.515515515515515332e+00 -1.661487152295653968e-01 -3.443865302565213282e-02
-3.499499499499499677e+00 -1.681354706750044781e-01 -3.340094384263144617e-02
-3.483483483483482690e+00 -1.701542926270532274e-01 -3.355208180097042636e-02
-3.467467467467467923e+00 -1.710755645641671152e-01 -3.354113351015031164e-02
-3.451451451451451380e+00 -1.725709949342297822e-01 -3.342080896085970754e-02
-3.435435435435435281e+00 -1.736105562934271151e-01 -3.411065024549697622e-02
-3.419419419419419626e+00 -1.737616151697828071e-01 -3.349029657723506803e-02
-3.403403403403402638e+00 -1.756654128420265248e-01 -3.296177797227194811e-02
-3.387387387387387871e+00 -1.767058413429374308e-01 -3.294859245330748754e-02
-3.371371371371371328e+00 -1.779447615344932621e-01 -3.252510162509394259e-02
-3.355355355355355229e+00 -1.791033462534476761e-01 -3.264349437271543003e-02
-3.339339339339339574e+00 -1.800377825916195662e-01 -3.257881318963738726e-02
-3.323323323323322587e+00 -1.813970050139677159e-01 -3.287750736975056376e-02
-3.307307307307307820e+00 -1.823158191352667323e-01 -3.176253464530510995e-02
-3.291291291291291277e+00 -1.838530057715127008e-01 -3.158453656245836100e-02
-3.275275275275275177e+00 -1.852232323788653989e-01 -3.162418044317988342e-02
-3.259259259259259522e+00 -1.865311069714435943e-01 -3.149737859762692660e-02
-3.243243243243242535e+00 -1.881473000477192348e-01 -3.100416360099816221e-02
-3.227227227227227768e+00 -1.892178844202218047e-01 -3.132783782740119344e-02
-3.211211211211210781e+00 -1.908298776696762122e-01 -3.091846178740919118e-02
-3.195195195195195126e+00 -1.926128162587059101e-01 -3.111502278192368118e-02
-3.179179179179179471e+00 -1.938700543256893227e-01 -3.179342485782585270e-02
-3.163163163163162483e+00 -1.948429857642580143e-01 -3.168105105622530393e-02
-3.147147147147147717e+00 -1.960954481697932961e-01 -3.124676959867194598e-02
-3.131131131131130729e+00 -1.975359394397866730e-01 -3.112316241209302226e-02
-3.115115115115115074e+00 -1.990781180438673248e-01 -3.095178302048083585e-02
-3.099099099099099419e+00 -2.004932000002260795e-01 -3.107205621942845525e-02
-3.083083083083082432e+00 -2.019891366600339577e-01 -3.113658404256343382e-02
-3.067067067067067665e+00 -2.034742236208560706e-01 -3.133612665691215549e-02
-3.051051051051050678e+00 -2.047187273788168005e-01 -3.136654876130957198e-02
-3.035035035035035023e+00 -2.064135645872937075e-01 -3.121681742440960555e-02
-3.019019019019019368e+00 -2.078808129414861927e-01 -3.131166233184148884e-02
-3.003003003003002380e+00 -2.094129590781758088e-01 -3.146472808317730963e-02
-2.986986986986987613e+00 -2.108399792127423344e-01 -3.151556414953309015e-02
-2.970970970970970626e+00 -2.125636351590569073e-01 -3.155274261451423978e-02
-2.954954954954954971e+00 -2.141001026153684927e-01 -3.188258156004056959e-02
-2.938938938938939316e+00 -2.155710403902467986e-01 -3.199102640269391867e-02
-2.922922922922922329e+00 -2.170780710406124137e-01 -3.222221841416864768e-02
-2.906906906906907562e+00 -2.186633102604770285e-01 -3.240871712626171297e-02
-2.890890890890890574e+00 -2.200835921080146473e-01 -3.262957672219067573e-02
-2.874874874874874919e+00 -2.215089888066507917e-01 -3.284484757925121290e-02
-2.858858858858859264e+00 -2.230438454228463874e-01 -3.284048489190388720e-02
-2.842842842842842277e+00 -2.244759399434221314e-01 -3.283091610539463912e-02
-2.826826826826827510e+00 -2.264411948115858109e-01 -3.285962862837053799e-02
-2.810810810810810523e+00 -2.281072883558363240e-01 -3.320760355388956142e-02
-2.794794794794794868e+00 -2.297912049812051993e-01 -3.342393889969863530e-02
-2.778778778778779213e+00 -2.314787644147520973e-01 -3.380235154056478175e-02
-2.762762762762762225e+00 -2.330141689584808440e-01 -3.407600664168815990e-02
-2.746746746746747458e+00 -2.347258719586007292e-01 -3.413066672793302336e-02
-2.730730730730730471e+00 -2.365589522118960453e-01 -3.419535320836682157e-02
-2.714714714714714816e+00 -2.384160205883012473e-01 -3.457062782761480962e-02
-2.698698698698698717e+00 -2.401559146117293875e-01 -3.497243087566938302e-02
-2.682682682682682174e+00 -2.418961787346234349e-01 -3.528386323762253141e-02
-2.666666666666667407e+00 -2.438184662641283418e-01 -3.557299722961620309e-02
-2.650650650650650419e+00 -2.455886943135004996e-01 -3.593784781264047767e-02
-2.634634634634634764e+00 -2.472500869003583235e-01 -3.640501326004100258e-02
-2.618618618618618665e+00 -2.490489066661415452e-01 -3.671393792489405922e-02
-2.602602602602602122e+00 -2.509419234210481520e-01 -3.688884511488341178e-02
-2.586586586586587355e+00 -2.528742046693442935e-01 -3.730873098127456683e-02
-2.570570570570570368e+00 -2.548793113236144103e-01 -3.777699598270808229e-02
-2.554554554554554713e+00 -2.567799908740758807e-01 -3.827802290128622803e-02
-2.538538538538538614e+00 -2.586867786405762093e-01 -3.874111171638029011e-02
-2.522522522522522070e+00 -2.605812492428808413e-01 -3.923451299780015417e-02
-2.506506506506507304e+00 -2.623537034541967849e-01 -3.959607219818217505e-02
-2.490490490490490316e+00 -2.645194203112635201e-01 -4.000172938651907345e-02
-2.474474474474474661e+00 -2.665877682153638961e-01 -4.043268741450848497e-02
-2.458458458458458562e+00 -2.684394530500323617e-01 -4.115687296484232122e-02
-2.442442442442442019e+00 -2.703236763418565003e-01 -4.158708677344961913e-02
-2.426426426426427252e+00 -2.722228414334025848e-01 -4.179741968536672403e-02
-2.410410410410410265e+00 -2.746348121024826949e-01 -4.206723411068248597e-02
-2.394394394394394610e+00 -2.769379844569310745e-01 -4.284289343810638445e-02
-2.378378378378378510e+00 -2.789305857587521809e-01 -4.361385168023118597e-02
-2.362362362362361967e+00 -2.810480857247827369e-01 -4.402579609312168296e-02
-2.346346346346347200e+00 -2.831569873104423651e-01 -4.440505986709589181e-02
-2.330330330330330213e+00 -2.855505431337259648e-01 -4.488731676583700148e-02
-2.314314314314314558e+00 -2.879575881624756306e-01 -4.554147947838953214e-02
-2.298298298298298459e+00 -2.902992951528448051e-01 -4.621798872858225160e-02
-2.282282282282281916e+00 -2.925426286119405805e-01 -4.681450755491288473e-02
-2.266266266266267149e+00 -2.949722953976094408e-01 -4.736759966752047274e-02
-2.250250250250250161e+00 -2.975618206997724391e-01 -4.807934138778401090e-02
-2.234234234234234506e+00 -3.000770312992919742e-01 -4.886721582096072158e-02
-2.218218218218218407e+00 -3.026145700032539798e-01 -4.973243765859909626e-02
-2.202202202202201864e+00 -3.050731517355381728e-01 -5.058658659012790770e-02
-2.186186186186185765e+00 -3.075324212062250373e-01 -5.144798682472802309e-02
-2.170170170170170110e+00 -3.099823438853117619e-01 -5.215479432831458817e-02
-2.154154154154154455e+00 -3.126701512777331771e-01 -5.293184602045776510e-02
-2.138138138138138356e+00 -3.154293355333455118e-01 -5.383608806047156248e-02
-2.122122122122121812e+00 -3.181541873447257807e-01 -5.462976978238706649e-02
-2.106106106106105713e+00 -3.210568793190939907e-01 -5.557786891809732288e-02
-2.090090090090090058e+00 -3.238382413870078969e-01 -5.672697661566496186e-02
-2.074074074074074403e+00 -3.265612323986226695e-01 -5.780671510967850396e-02
-2.058058058058058304e+00 -3.293478572761701084e-01 -5.882991059648870480e-02
-2.042042042042041761e+00 -3.322246213066844533e-01 -5.985914189943768171e-02
-2.026026026026025662e+00 -3.351487928393790394e-01 -6.101484203082800650e-02
-2.010010010010010006e+00 -3.380263590510617089e-01 -6.197264358994283157e-02
-1.993993993993994351e+00 -3.410966645429830413e-01 -6.310738522148100216e-02
-1.977977977977978252e+00 -3.440143996495597101e-01 -6.445087926129539069e-02
-1.961961961961961709e+00 -3.472091054504917729e-01 -6.566428136421954831e-02
-1.945945945945945610e+00 -3.503764815271289135e-01 -6.668070017604003918e-02
-1.929929929929929955e+00 -3.534636873242886779e-01 -6.810740497477604793e-02
-1.913913913913914300e+00 -3.568483507016880774e-01 -6.916580717466452866e-02
-1.897897897897898201e+00 -3.603326755467511910e-01 -7.089812373322340600e-02
-1.881881881881881657e+00 -3.635784768646330711e-01 -7.219701508796949607e-02
-1.865865865865865558e+00 -3.670349343406061338e-01 -7.376482558598226880e-02
-1.849849849849849903e+00 -3.707473902256518405e-01 -7.489242810534402217e-02
-1.833833833833834248e+00 -3.748616381088728522e-01 -7.780899468019918108e-02
-1.817817817817818149e+00 -3.773083554661964545e-01 -7.916385857905697265e-02
-1.801801801801801606e+00 -3.813360160841042790e-01 -7.998866452230460333e-02
-1.785785785785785507e+00 -3.853033676031016319e-01 -8.193761768794023681e-02
-1.769769769769769852e+00 -3.890668134757685470e-01 -8.391030770761792601e-02
-1.753753753753754197e+00 -3.928067677991828877e-01 -8.570745498891362002e-02
-1.737737737737738097e+00 -3.968403148379369139e-01 -8.748398434532642098e-02
-1.721721721721721554e+00 -4.012728581319554566e-01 -8.949608465899783205e-02
-1.705705705705705455e+00 -4.051258474530615716e-01 -9.176151948268282399e-02
-1.689689689689689800e+00 -4.096411169490112858e-01 -9.401948743244042950e-02
-1.673673673673672813e+00 -4.138692886496386225e-01 -9.650312062456045670e-02
-1.657657657657658046e+00 -4.176881207452681766e-01 -9.912228404225897904e-02
-1.641641641641641503e+00 -4.220461142986185465e-01 -1.012829997126164644e-01
-1.625625625625625403e+00 -4.265471844935836976e-01 -1.037031733353146884e-01
-1.609609609609609748e+00 -4.313544438427878713e-01 -1.068726330293103821e-01
-1.593593593593592761e+00 -4.358044389985553657e-01 -1.093380538236594507e-01
-1.577577577577577994e+00 -4.405679294289595038e-01 -1.121391815836776246e-01
-1.561561561561561451e+00 -4.454241522130703013e-01 -1.151224972251130851e-01
-1.545545545545545352e+00 -4.499870680536704470e-01 -1.181923586637954743e-01
-1.529529529529529697e+00 -4.550854650702419457e-01 -1.212223025817295713e-01
-1.513513513513512709e+00 -4.606236787510568087e-01 -1.241067493238696418e-01
-1.497497497497497942e+00 -4.657196308633622106e-01 -1.284231822931204414e-01
-1.481481481481481399e+00 -4.703450589667551585e-01 -1.320689953669102468e-01
-1.465465465465465300e+00 -4.760686081833399030e-01 -1.357519666785252377e-01
-1.449449449449449645e+00 -4.813392907002228549e-01 -1.394420369749015953e-01
-1.433433433433432658e+00 -4.872447946623710280e-01 -1.439023017045755470e-01
-1.417417417417417891e+00 -4.930655760313391589e-01 -1.484521142688381701e-01
-1.401401401401401348e+00 -4.979528103039310705e-01 -1.537817129001604888e-01
-1.385385385385385248e+00 -5.031887923469861024e-01 -1.572994048201394324e-01
-1.369369369369369593e+00 -5.093064488898644271e-01 -1.618480733305514563e-01
-1.353353353353352606e+00 -5.157107542428731595e-01 -1.667465020615293836e-01
-1.337337337337337839e+00 -5.219459742059058271e-01 -1.723168835862308734e-01
-1.321321321321321296e+00 -5.283017164224214079e-01 -1.778249702674065125e-01
-1.305305305305305197e+00 -5.349122069559560932e-01 -1.840518909206919074e-01
-1.289289289289289542e+00 -5.410179551229632455e-01 -1.905976175400537764e-01
-1.273273273273272554e+00 -5.473551503726188372e-01 -1.976933196938653325e-01
-1.257257257257257788e+00 -5.537015545346541945e-01 -2.044830893832021435e-01
-1.241241241241240800e+00 -5.594736169927779779e-01 -2.119014531372228061e-01
-1.225225225225225145e+00 -5.654540346288485786e-01 -2.185482208913918645e-01
-1.209209209209209490e+00 -5.716188294704279693e-01 -2.260563874950451413e-01
-1.193193193193192503e+00 -5.787018297136827805e-01 -2.336812078309797869e-01
-1.177177177177177736e+00 -5.847631156521453377e-01 -2.423714462435542505e-01
-1.161161161161160749e+00 -5.916094461376475433e-01 -2.500629755982320401e-01
-1.145145145145145094e+00 -5.967031884920243057e-01 -2.601291181473982528e-01
-1.129129129129129439e+00 -6.033244783922523391e-01 -2.674291078116729503e-01
-1.113113113113112451e+00 -6.108765317389490690e-01 -2.769354351733437913e-01
-1.097097097097097684e+00 -6.180979648198898779e-01 -2.855220432350670245e-01
-1.081081081081080697e+00 -6.250919350148378406e-01 -2.963324713021767698e-01
-1.065065065065065042e+00 -6.325445225904440250e-01 -3.062452685407000552e-01
-1.049049049049049387e+00 -6.424489217484437020e-01 -3.181373892544528958e-01
-1.033033033033032400e+00 -6.486452480261906128e-01 -3.319386234715373529e-01
-1.017017017017017633e+00 -6.536728312493980120e-01 -3.457569408188882476e-01
-1.001001001001000645e+00 -6.611736391411744407e-01 -3.577523900307341131e-01
-9.849849849849849903e-01 -6.661346392926055238e-01 -3.722601955462836454e-01
-9.689689689689693353e-01 -6.725416027295243460e-01 -3.866249556722219927e-01
-9.529529529529523479e-01 -6.781794176458878498e-01 -4.004676640883589323e-01
-9.369369369369375811e-01 -6.855724514629217836e-01 -4.178332483527697483e-01
-9.209209209209205937e-01 -6.900017030244940397e-01 -4.339706997642853725e-01
-9.049049049049049387e-01 -6.948757063591288752e-01 -4.493075991063336661e-01
-8.888888888888892836e-01 -7.014741737484410100e-01 -4.671955737691181332e-01
-8.728728728728722963e-01 -7.047143112078594340e-01 -4.868260332553811520e-01
-8.568568568568575294e-01 -7.093672678560530853e-01 -5.046562294236082158e-01
-8.408408408408405421e-01 -7.114122159447469063e-01 -5.243673132499837575e-01
-8.248248248248248871e-01 -7.158380898297661554e-01 -5.395644734703879397e-01
-8.088088088088092320e-01 -7.223992488680170965e-01 -5.626387909152550382e-01
-7.927927927927922447e-01 -7.297152201337183675e-01 -5.865789295720538199e-01
-7.767767767767774778e-01 -7.237005424506584017e-01 -6.128931708792088040e-01
-7.607607607607604905e-01 -7.268821692040197124e-01 -6.323801159396622573e-01
-7.447447447447448354e-01 -7.250943611385400889e-01 -6.592652580394098294e-01
-7.287287287287287363e-01 -7.245855407225014755e-01 -6.841749488077568664e-01
-7.127127127127121931e-01 -7.227268764570866644e-01 -7.094935067726735323e-01
-6.966966966966974262e-01 -7.232293684855448657e-01 -7.414874710555010573e-01
-6.806806806806804389e-01 -7.162948096689252253e-01 -7.636097924468485676e-01
-6.646646646646647838e-01 -7.093521807019108616e-01 -7.916508420998966677e-01
-6.486486486486486847e-01 -7.030380288186838245e-01 -8.190053953805325193e-01
-6.326326326326321414e-01 -6.993099803372000434e-01 -8.508140168213127463e-01
-6.166166166166173745e-01 -6.924347655003544322e-01 -8.784569958366532649e-01
-6.006006006006003872e-01 -6.826705510105481878e-01 -9.154314399605570918e-01
-5.845845845845847322e-01 -6.545968247941847951e-01 -9.478691483725247835e-01
-5.685685685685686330e-01 -6.491444496185649893e-01 -9.684261699454211891e-01
-5.525525525525520898e-01 -6.356499802329351745e-01 -1.003972914237749592e+00
-5.365365365365373229e-01 -6.188507323953720274e-01 -1.024187680053473493e+00
-5.205205205205203356e-01 -6.105993314692288454e-01 -1.060510503626611811e+00
-5.045045045045046805e-01 -5.940909705633709015e-01 -1.114774993956115789e+00
-4.884884884884885814e-01 -5.601347180464473219e-01 -1.134660559706560656e+00
-4.724724724724720382e-01 -5.448688460203182649e-01 -1.179850978013792018e+00
-4.564564564564572713e-01 -5.095545950095758947e-01 -1.212869890608616608e+00
-4.404404404404402840e-01 -4.777176642344490021e-01 -1.254030522392269642e+00
-4.244244244244246289e-01 -4.368159409261579418e-01 -1.278202066434221740e+00
-4.084084084084085298e-01 -4.144283794277728861e-01 -1.317697916611762388e+00
-3.923923923923919865e-01 -3.635935504921499195e-01 -1.350141977299778473e+00
-3.763763763763772197e-01 -3.140704784032795072e-01 -1.399444664219926526e+00
-3.603603603603602323e-01 -2.687317236562761780e-01 -1.408455595474325417e+00
-3.443443443443445773e-01 -2.216675095837482290e-01 -1.455397168856332968e+00
-3.283283283283284781e-01 -1.577499159724778388e-01 -1.488561364291956401e+00
-3.123123123123119349e-01 -5.647680103499862214e-02 -1.504543918119974011e+00
-2.962962962962971680e-01 1.205026525742090675e-02 -1.503519036210164250e+00
-2.802802802802801807e-01 7.516390415538294623e-02 -1.509744241034512324e+00
-2.642642642642645257e-01 1.554847071068018449e-01 -1.523404587612326999e+00
-2.482482482482484265e-01 2.602080823074311433e-01 -1.516466339618474990e+00
-2.322322322322318833e-01 3.347780069449939888e-01 -1.472127497250641959e+00
-2.162162162162157841e-01 3.938844000010995883e-01 -1.452235672353993534e+00
-2.002002002002001291e-01 4.801908100774530119e-01 -1.423601958487271446e+00
-1.841841841841844740e-01 5.600732950584059733e-01 -1.365450534826772699e+00
-1.681681681681683749e-01 6.112361102063899043e-01 -1.307593219912403404e+00
-1.521521521521518316e-01 6.460246395503350669e-01 -1.250785908047673090e+00
-1.361361361361357325e-01 7.106066482900074144e-01 -1.206238560605917165e+00
-1.201201201201200774e-01 7.570689783090993608e-01 -1.121168387587516024e+00
-1.041041041041044224e-01 7.866709200619632636e-01 -1.057325681519245775e+00
-8.808808808808832325e-02 8.089671952199302130e-01 -9.885880859088065353e-01
-7.207207207207178001e-02 8.227325391567743562e-01 -9.187840406865689369e-01
-5.605605605605568087e-02 8.334084792851013113e-01 -8.609774521480707543e-01
-4.004004004004002581e-02 8.351676077771333917e-01 -7.936618398218918680e-01
-2.402402402402437076e-02 8.301528135299610645e-01 -7.386764562225625053e-01
-8.008008008008271617e-03 8.238962349850011968e-01 -6.815827224242797522e-01
8.008008008008715706e-03 8.203558671963566695e-01 -6.279387111164845825e-01
2.402402402402437076e-02 7.975918764770748570e-01 -5.733557536773596919e-01
4.004004004004002581e-02 7.771084383102802029e-01 -5.344517561766104485e-01
5.605605605605568087e-02 7.617261882752368596e-01 -4.982769679540147711e-01
7.207207207207133592e-02 7.451837802918169773e-01 -4.633892647406826493e-01
8.808808808808876734e-02 7.284594276129052748e-01 -4.269778622424272863e-01
1.041041041041044224e-01 7.054739057967056581e-01 -3.930419495863822776e-01
1.201201201201200774e-01 6.814008815781253947e-01 -3.674753317778991502e-01
1.361361361361357325e-01 6.618841527441801098e-01 -3.454083866037322981e-01
1.521521521521513876e-01 6.425481660436691556e-01 -3.217497406688245021e-01
1.681681681681688190e-01 6.215943508997729960e-01 -3.011550841467379724e-01
1.841841841841844740e-01 6.013613107978148520e-01 -2.825159289554839970e-01
2.002002002002001291e-01 5.813660142639985873e-01 -2.683102668288110948e-01
2.162162162162157841e-01 5.614717276422798165e-01 -2.532422022380423909e-01
2.322322322322314392e-01 5.436398479152219076e-01 -2.423243460378551872e-01
2.482482482482488706e-01 5.277439935377937763e-01 -2.300869932415326169e-01
2.642642642642645257e-01 5.109207409864098270e-01 -2.188467878692286206e-01
2.802802802802801807e-01 4.932555477707297187e-01 -2.087962829987063118e-01
2.962962962962958358e-01 4.772127964209078588e-01 -2.014477770347190277e-01
3.123123123123114908e-01 4.622325277568537505e-01 -1.936110914008447592e-01
3.283283283283289222e-01 4.470232983968310259e-01 -1.890449838732507215e-01
3.443443443443445773e-01 4.345201886687117265e-01 -1.835817633204328558e-01
3.603603603603602323e-01 4.222988144088755114e-01 -1.783069104707170338e-01
3.763763763763758874e-01 4.105519171307469573e-01 -1.742227951739731551e-01
3.923923923923915424e-01 3.991782400620810245e-01 -1.693794107948573824e-01
4.084084084084089739e-01 3.874718654033673659e-01 -1.650235109669225264e-01
4.244244244244246289e-01 3.771312233975638306e-01 -1.617203515004452252e-01
4.404404404404402840e-01 3.681398486282264626e-01 -1.591962893978606242e-01
4.564564564564559390e-01 3.592325225430065827e-01 -1.557468514843065310e-01
4.724724724724715941e-01 3.513676847089735045e-01 -1.516790254824593176e-01
4.884884884884890255e-01 3.413341169990722901e-01 -1.481776001865817982e-01
5.045045045045046805e-01 3.327813575619538167e-01 -1.463194788504325883e-01
5.205205205205203356e-01 3.247157531888640869e-01 -1.433099162389634140e-01
5.365365365365359906e-01 3.173483213888349530e-01 -1.408159946192295842e-01
5.525525525525534221e-01 3.094053242476259569e-01 -1.379894019512032111e-01
5.685685685685690771e-01 3.015281083975477339e-01 -1.357439698637651071e-01
5.845845845845847322e-01 2.943258744795051451e-01 -1.343118685655134148e-01
6.006006006006003872e-01 2.877950110588015642e-01 -1.330861165992511530e-01
6.166166166166160423e-01 2.818298691427331693e-01 -1.312011941506231183e-01
6.326326326326334737e-01 2.755384206845093997e-01 -1.300352881960488427e-01
6.486486486486491287e-01 2.701383889083169842e-01 -1.278843407486558448e-01
6.646646646646647838e-01 2.635539159809937027e-01 -1.266707296730285315e-01
6.806806806806804389e-01 2.588724731074288909e-01 -1.258775219960614478e-01
6.966966966966960939e-01 2.541113377103301207e-01 -1.229727580259881853e-01
7.127127127127135253e-01 2.480836555294106960e-01 -1.213229234630676528e-01
7.287287287287291804e-01 2.430017408856280092e-01 -1.196710516399582258e-01
7.447447447447448354e-01 2.371604135595764273e-01 -1.178358604296564360e-01
7.607607607607604905e-01 2.330207252595115908e-01 -1.173514676031632148e-01
7.767767767767761455e-01 2.274264981360175630e-01 -1.150671161996942582e-01
7.927927927927935770e-01 2.224988767769965070e-01 -1.146900641131090443e-01
8.088088088088092320e-01 2.179887748522222890e-01 -1.136300439697931347e-01
8.248248248248248871e-01 2.133577032500530435e-01 -1.121913216842320010e-01
8.408408408408405421e-01 2.088421579672604667e-01 -1.107275757342273681e-01
8.568568568568561972e-01 2.045620587956686331e-01 -1.099601301667774145e-01
8.728728728728736286e-01 2.000536995810071328e-01 -1.090040760193325270e-01
8.888888888888892836e-01 1.955780100466605331e-01 -1.082227539015903767e-01
9.049049049049049387e-01 1.920964761489791228e-01 -1.078254444340155938e-01
9.209209209209205937e-01 1.883835415427144999e-01 -1.061723514047787642e-01
9.369369369369362488e-01 1.841406208154568458e-01 -1.051188138671897976e-01
9.529529529529536802e-01 1.799046153378626167e-01 -1.043409085511388390e-01
9.689689689689693353e-01 1.759234344801760552e-01 -1.033809826387932229e-01
9.849849849849849903e-01 1.723976588035602553e-01 -1.029316328817964643e-01
1.001001001001000645e+00 1.685761319597503249e-01 -1.019449115768659708e-01
1.017017017017016300e+00 1.640143452889588627e-01 -1.017596750678755463e-01
1.033033033033033732e+00 1.614210268500883005e-01 -1.013854132435670352e-01
1.049049049049049387e+00 1.584822876483222287e-01 -9.971196982292238054e-02
1.065065065065065042e+00 1.541967322693664766e-01 -9.930138595248386157e-02
1.081081081081080697e+00 1.509224983602749370e-01 -9.887795276241152787e-02
1.097097097097096352e+00 1.471786410403564394e-01 -9.787641133126004367e-02
1.113113113113113783e+00 1.425286222515215750e-01 -9.734246443752696265e-02
1.129129129129129439e+00 1.406068789029484845e-01 -9.833518153397147188e-02
1.145145145145145094e+00 1.378569896769923087e-01 -9.741715549100905813e-02
1.161161161161160749e+00 1.348397489013299089e-01 -9.658289095886121722e-02
1.177177177177176404e+00 1.317610722261183809e-01 -9.621751611543556681e-02
1.193193193193193835e+00 1.284653869396006898e-01 -9.539194053029087517e-02
1.209209209209209490e+00 1.251137798802169632e-01 -9.568182560561572236e-02
1.225225225225225145e+00 1.223955191493397848e-01 -9.524552941719360843e-02
1.241241241241240800e+00 1.196822912161737973e-01 -9.489404252612965163e-02
1.257257257257256455e+00 1.167961763712729584e-01 -9.431846006084318446e-02
1.273273273273273887e+00 1.138083722138900494e-01 -9.397088587738022802e-02
1.289289289289289542e+00 1.108971069500583467e-01 -9.343749694376321524e-02
1.305305305305305197e+00 1.081699526729650168e-01 -9.302223163923210858e-02
1.321321321321320852e+00 1.050820401422215555e-01 -9.281990548382662576e-02
1.337337337337336507e+00 1.020001709419021685e-01 -9.241568821544572654e-02
1.353353353353353938e+00 9.947640075620772793e-02 -9.239404999801052731e-02
1.369369369369369593e+00 9.622299508843434879e-02 -9.244669547193157255e-02
1.385385385385385248e+00 9.390993454183430011e-02 -9.203876028601798431e-02
1.401401401401400904e+00 9.094543478098422729e-02 -9.148444265141469911e-02
1.417417417417416559e+00 8.763587680741238839e-02 -9.183564802185402443e-02
1.433433433433433990e+00 8.546982205388253817e-02 -9.221433129152745156e-02
1.449449449449449645e+00 8.266769269552835808e-02 -9.222225788014767889e-02
1.465465465465465300e+00 8.093918948237402433e-02 -9.210916885783410057e-02
1.481481481481480955e+00 7.760757075872248834e-02 -9.151455951169337744e-02
1.497497497497496610e+00 7.487692265601682273e-02 -9.204797238676448723e-02
1.513513513513514042e+00 7.221110586807016896e-02 -9.200045621636607218e-02
1.529529529529529697e+00 7.007054498761283723e-02 -9.240603124066423812e-02
1.545545545545545352e+00 6.736804311295389869e-02 -9.221819940228827284e-02
1.561561561561561007e+00 6.377284298325831824e-02 -9.303454643213177055e-02
1.577577577577578438e+00 6.312569976736734367e-02 -9.337491868288536057e-02
1.593593593593594093e+00 6.056969394540274304e-02 -9.287183159927481224e-02
1.609609609609609748e+00 5.827019922059448881e-02 -9.293124658905585478e-02
1.625625625625625403e+00 5.601927927271990043e-02 -9.316786206321159280e-02
1.641641641641641058e+00 5.408317270709635249e-02 -9.290923742952936215e-02
1.657657657657658490e+00 5.090945693785898368e-02 -9.208836308995059505e-02
1.673673673673674145e+00 4.833879503410006689e-02 -9.322047978969336124e-02
1.689689689689689800e+00 4.614094906420494052e-02 -9.312221488966207494e-02
1.705705705705705455e+00 4.382363206484422846e-02 -9.312006508984865816e-02
1.721721721721721110e+00 4.115256117920096379e-02 -9.361398836985262983e-02
1.737737737737738541e+00 3.862568493144287463e-02 -9.384674646584473257e-02
1.753753753753754197e+00 3.594555080536107616e-02 -9.448925039977065787e-02
1.769769769769769852e+00 3.375228549345325735e-02 -9.473140008465980033e-02
1.785785785785785507e+00 3.132049802291882179e-02 -9.544804921554594923e-02
1.801801801801801162e+00 2.895677688952798950e-02 -9.608321518574330922e-02
1.817817817817818593e+00 2.698334401338551083e-02 -9.657166650141307818e-02
1.833833833833834248e+00 2.469236646965619619e-02 -9.718638953011188297e-02
1.849849849849849903e+00 2.270025628930842990e-02 -9.767709563959756092e-02
1.865865865865865558e+00 2.068060376528450123e-02 -9.835538543700941827e-02
1.881881881881881213e+00 1.864862676975668002e-02 -9.843161991449035642e-02
1.897897897897898645e+00 1.614592260404271173e-02 -9.863529190480339881e-02
1.913913913913914300e+00 1.465500803329168253e-02 -9.931171440303464271e-02
1.929929929929929955e+00 1.143290258104699003e-02 -9.983339373680272244e-02
1.945945945945945610e+00 8.890725380067625305e-03 -1.002243671262729036e-01
1.961961961961961265e+00 6.954214579694736886e-03 -1.009797481505794181e-01
1.977977977977978696e+00 4.122827257934100209e-03 -1.020033713415040288e-01
1.993993993993994351e+00 2.227408144955808807e-03 -1.025871721301175599e-01
2.010010010010010006e+00 -3.127173467573114577e-04 -1.038946325275688365e-01
2.026026026026025662e+00 -2.297030288975154821e-03 -1.041050309450021749e-01
2.042042042042041317e+00 -5.507204954186540463e-03 -1.046827794200715644e-01
2.058058058058058748e+00 -7.639691206215796712e-03 -1.074407375614065269e-01
2.074074074074074403e+00 -9.867752016732702497e-03 -1.087499288374667722e-01
2.090090090090090058e+00 -1.037441802254888447e-02 -1.109447530107526003e-01
2.106106106106105713e+00 -1.180103210974883798e-02 -1.104472329895244687e-01
2.122122122122121368e+00 -1.393740028050997545e-02 -1.109987859347220385e-01
2.138138138138138800e+00 -1.574888696951142614e-02 -1.121683177582701307e-01
2.154154154154154455e+00 -1.676197068365711806e-02 -1.130567545126841544e-01
2.170170170170170110e+00 -2.058636942029665878e-02 -1.140451053666125814e-01
2.186186186186185765e+00 -2.162370651302533697e-02 -1.147043212059932205e-01
2.202202202202201420e+00 -2.401969668539744723e-02 -1.164264204063129304e-01
2.218218218218218851e+00 -2.379883203187633384e-02 -1.173681789058906993e-01
2.234234234234234506e+00 -2.804106177560404881e-02 -1.162071195438191262e-01
2.250250250250250161e+00 -3.115916861688905123e-02 -1.190173206078542073e-01
2.266266266266265816e+00 -3.087027505585256820e-02 -1.210770226687303275e-01
2.282282282282281471e+00 -3.384938792929265833e-02 -1.194863516316442276e-01
2.298298298298298903e+00 -3.895905844612308766e-02 -1.213814066621361487e-01
2.314314314314314558e+00 -3.801125957336709549e-02 -1.273528298610607234e-01
2.330330330330330213e+00 -4.006137645265787223e-02 -1.254510944796240479e-01
2.346346346346345868e+00 -4.349890267703400426e-02 -1.281018878222059121e-01
2.362362362362361523e+00 -4.374144151245105971e-02 -1.306470455730356639e-01
2.378378378378378954e+00 -4.506976108974596051e-02 -1.331837317525816078e-01
2.394394394394394610e+00 -4.405159305070158182e-02 -1.331831780425100364e-01
2.410410410410410265e+00 -4.676340982269221874e-02 -1.320486254581645924e-01
2.426426426426425920e+00 -5.073478739740416854e-02 -1.334328802482731835e-01
2.442442442442441575e+00 -5.294975955524029720e-02 -1.352923703221463325e-01
2.458458458458459006e+00 -5.913631251584420406e-02 -1.373920512704585595e-01
2.474474474474474661e+00 -5.688052344171483365e-02 -1.444018720077049067e-01
2.490490490490490316e+00 -5.524698950096239985e-02 -1.421114482087856568e-01
2.506506506506505971e+00 -5.956551556675256098e-02 -1.448659387591419434e-01
2.522522522522523403e+00 -6.116458513720881424e-02 -1.470098781860783854e-01
2.538538538538539058e+00 -6.236821303230599689e-02 -1.509493714513066298e-01
2.554554554554554713e+00 -6.288136321165910259e-02 -1.512080683597697428e-01
2.570570570570570368e+00 -6.463579790564293048e-02 -1.566146525755744978e-01
2.586586586586586023e+00 -6.341234340583146167e-02 -1.590671300649369457e-01
2.602602602602603454e+00 -6.526678213132375284e-02 -1.551759648077667975e-01
2.618618618618619109e+00 -6.516515059758201667e-02 -1.611687926965291728e-01
2.634634634634634764e+00 -6.679772234475236936e-02 -1.608424995960712756e-01
2.650650650650650419e+00 -6.828602495822130858e-02 -1.647677489710423215e-01
2.666666666666666075e+00 -6.715200346094993278e-02 -1.679988848077143826e-01
2.682682682682683506e+00 -6.646110483058387253e-02 -1.652527165087036010e-01
2.698698698698699161e+00 -6.845870365356057641e-02 -1.661415774742665552e-01
2.714714714714714816e+00 -7.116398223270561929e-02 -1.667119862777316497e-01
2.730730730730730471e+00 -7.412657186748672355e-02 -1.680955562615550347e-01
2.746746746746746126e+00 -7.649812377022044418e-02 -1.713248669318735984e-01
2.762762762762763558e+00 -7.751054586209815689e-02 -1.721543810164162802e-01
2.778778778778779213e+00 -8.012648920782433626e-02 -1.791166905793104558e-01
2.794794794794794868e+00 -7.876248889766282457e-02 -1.789439196510355656e-01
2.810810810810810523e+00 -8.132371512515609857e-02 -1.810099445827234588e-01
2.826826826826826178e+00 -8.176305221820948099e-02 -1.845465941277266153e-01
2.842842842842843609e+00 -8.445808445409648535e-02 -1.869984730651854665e-01
2.858858858858859264e+00 -8.286659983541912189e-02 -1.911284748744411233e-01
2.874874874874874919e+00 -8.373131735241440277e-02 -1.922312739773365531e-01
2.890890890890890574e+00 -8.475612368724251555e-02 -1.949565757551701140e-01
2.906906906906906229e+00 -8.181103295157218791e-02 -1.978840368734613997e-01
2.922922922922923661e+00 -8.296082111402566794e-02 -1.963759811915128106e-01
2.938938938938939316e+00 -8.678989822096595808e-02 -1.984958945508513983e-01
2.954954954954954971e+00 -8.767794021648148139e-02 -2.010577504859316633e-01
2.970970970970970626e+00 -8.787613318388928785e-02 -2.041550880910852905e-01
2.986986986986986281e+00 -8.825426421221577167e-02 -2.058500517894509274e-01
3.003003003003003712e+00 -8.942946258190462294e-02 -2.105201325810760749e-01
3.019019019019019368e+00 -8.771212444626232119e-02 -2.114955347385593099e-01
3.035035035035035023e+00 -8.925234548650312627e-02 -2.115299238805818383e-01
3.051051051051050678e+00 -9.247562423189731318e-02 -2.157712620302184026e-01
3.067067067067066333e+00 -9.349492669615250273e-02 -2.209797761566687502e-01
3.083083083083083764e+00 -9.174751969515071437e-02 -2.223506892684635472e-01
3.099099099099099419e+00 -9.139518304267993387e-02 -2.249199825307448553e-01
3.115115115115115074e+00 -9.289960729389809546e-02 -2.268608321086181545e-01
3.131131131131130729e+00 -9.250607097179731897e-02 -2.294717377810755465e-01
3.147147147147146384e+00 -9.443588395192289986e-02 -2.347446544029244409e-01
3.163163163163163816e+00 -9.310312707887294370e-02 -2.353818225657248742e-01
3.179179179179179471e+00 -9.403781705913524802e-02 -2.397537569564846538e-01
3.195195195195195126e+00 -9.187090973638076252e-02 -2.430554855177143592e-01
3.211211211211210781e+00 -9.218420626251801198e-02 -2.425385229616943139e-01
3.227227227227226436e+00 -9.264239566951830429e-02 -2.471023926021402584e-01
3.243243243243243867e+00 -9.540108429516536148e-02 -2.477579954390302375e-01
3.259259259259259522e+00 -9.867860649501083992e-02 -2.557252453256460001e-01
3.275275275275275177e+00 -9.150191006910050884e-02 -2.601467633407463786e-01
3.291291291291290833e+00 -8.741735953057061526e-02 -2.604901404498843887e-01
3.307307307307306488e+00 -8.827322454407009189e-02 -2.605470933798290645e-01
3.323323323323323919e+00 -9.003839414362968530e-02 -2.629127687473467034e-01
3.339339339339339574e+00 -8.898616015859953099e-02 -2.679995240075336849e-01
3.355355355355355229e+00 -8.819637596015909853e-02 -2.721980737332131417e-01
3.371371371371370884e+00 -8.649136681955052475e-02 -2.729943566782123687e-01
3.387387387387386539e+00 -8.548145525845579629e-02 -2.758817004474795609e-01
3.403403403403403971e+00 -8.388518254255350470e-02 -2.798627004597440404e-01
3.419419419419419626e+00 -8.224286600673251513e-02 -2.796357623105152901e-01
3.435435435435435281e+00 -8.181961985971550333e-02 -2.805487369608030690e-01
3.451451451451450936e+00 -8.171964518508707809e-02 -2.833764475795748083e-01
3.467467467467466591e+00 -8.257507964260174527e-02 -2.866653907545170243e-01
3.483483483483484022e+00 -8.353165566178857859e-02 -2.888395412911566318e-01
3.499499499499499677e+00 -8.588113406504015168e-02 -2.943531143091097091e-01
3.515515515515515332e+00 -8.029013700590810487e-02 -2.997977358597446185e-01
3.531531531531530987e+00 -8.022892922242318148e-02 -3.011733128083060040e-01
3.547547547547548419e+00 -7.567322436262929886e-02 -3.027302154164455139e-01
3.563563563563564074e+00 -7.336688785750050679e-02 -3.030246833946134144e-01
3.579579579579579729e+00 -7.058538341946046790e-02 -3.047752786469734021e-01
3.595595595595595384e+00 -7.309455328301364685e-02 -3.058085335546941730e-01
3.611611611611611039e+00 -7.388208990564412715e-02 -3.087463629298946577e-01
3.627627627627628470e+00 -7.173311342481951403e-02 -3.170537705681945040e-01
3.643643643643644126e+00 -6.567929830337720931e-02 -3.185168994074440985e-01
3.659659659659659781e+00 -6.586011196389945921e-02 -3.233437424643932911e-01
3.675675675675675436e+00 -6.311285246556219697e-02 -3.218903835146887937e-01
3.691691691691691091e+00 -5.990524475545771360e-02 -3.225865161587733176e-01
3.707707707707708522e+00 -6.088527742216017641e-02 -3.219558710599675355e-01
3.723723723723724177e+00 -6.054809754236935293e-02 -3.259212282147119222e-01
3.739739739739739832e+00 -6.164114457202334724e-02 -3.341871808062529814e-01
3.755755755755755487e+00 -5.075621150841090612e-02 -3.366953184236065599e-01
3.771771771771771142e+00 -5.111274389620423103e-02 -3.319354298285674965e-01
3.787787787787788574e+00 -5.533676922811966992e-02 -3.357145581997624806e-01
3.803803803803804229e+00 -4.704651888635832946e-02 -3.365329264106898810e-01
3.819819819819819884e+00 -5.032976818288115856e-02 -3.392811134624306169e-01
3.835835835835835539e+00 -4.952941764607590724e-02 -3.391500160685722021e-01
3.851851851851851194e+00 -5.064829235263404450e-02 -3.441632351586984551e-01
3.867867867867868625e+00 -4.054991651655752427e-02 -3.504362888658221209e-01
3.883883883883884280e+00 -4.289018211999207075e-02 -3.541686710841212560e-01
3.899899899899899935e+00 -3.737578696534600564e-02 -3.552473473718376074e-01
3.915915915915915591e+00 -3.752812025533872053e-02 -3.550112968043602768e-01
3.931931931931931246e+00 -3.258856782727674595e-02 -3.586444349414718569e-01
3.947947947947948677e+00 -3.082327384949834145e-02 -3.622284066245173850e-01
3.963963963963964332e+00 -2.606238450879357071e-02 -3.584944796900565445e-01
3.979979979979979987e+00 -2.668787074071363175e-02 -3.618049240628176677e-01
3.995995995995995642e+00 -2.127427051257423443e-02 -3.656383889367970097e-01
4.012012012012011297e+00 -1.458613096592089806e-02 -3.605254642917592456e-01
4.028028028028028729e+00 -2.164249716544097701e-02 -3.635831691584711090e-01
4.044044044044044384e+00 -1.370807385231037623e-02 -3.670018350043958155e-01
4.060060060060060039e+00 -1.141218567886360773e-02 -3.657980603940280684e-01
4.076076076076075694e+00 -8.291892714786558427e-03 -3.685509827231548408e-01
4.092092092092091349e+00 -4.077393535919227735e-03 -3.645070717834503760e-01
4.108108108108108780e+00 -6.928830103903843400e-03 -3.625877594874783449e-01
4.124124124124124435e+00 -1.195513778289821090e-02 -3.675047002353095671e-01
4.140140140140140090e+00 -8.922034009284597958e-03 -3.700931578506431174e-01
4.156156156156155745e+00 -8.321261601739092517e-03 -3.757625332587343214e-01
4.172172172172171400e+00 -5.330075256952668435e-03 -3.785322358184886049e-01
4.188188188188188832e+00 -5.036317116198545801e-03 -3.803142011328032313e-01
4.204204204204204487e+00 5.345199936643914469e-04 -3.837396167825207760e-01
4.220220220220220142e+00 1.158112022143778334e-03 -3.885025641537763197e-01
4.236236236236235797e+00 1.053967682365550274e-02 -3.903674285323209259e-01
4.252252252252251452e+00 1.000594573658697070e-02 -3.890785735781977506e-01
4.268268268268268884e+00 1.948450704804507300e-02 -3.902058881601459528e-01
4.284284284284284539e+00 1.744827544456924520e-02 -3.902349389893438047e-01
4.300300300300300194e+00 1.837322440249411146e-02 -3.945236577457494898e-01
4.316316316316315849e+00 2.437994332654827567e-02 -3.966068260412229929e-01
4.332332332332331504e+00 2.450899902683959658e-02 -3.967009733361224200e-01
4.348348348348348935e+00 3.424701261449789730e-02 -3.965461608470081112e-01
4.364364364364364590e+00 3.515702830661326939e-02 -3.951193051725247485e-01
4.380380380380380245e+00 3.646831821005386276e-02 -3.916529266600993209e-01
4.396396396396395900e+00 3.735016100484227219e-02 -3.926694179383872774e-01
4.412412412412411555e+00 3.866378943306050808e-02 -3.925035210537398678e-01
4.428428428428428987e+00 3.789903051889077085e-02 -3.972937613972423732e-01
4.444444444444444642e+00 4.255716112106795734e-02 -4.063574176454287645e-01
4.460460460460460297e+00 5.253429427657081707e-02 -3.970981873986022537e-01
4.476476476476475952e+00 5.390457006197289097e-02 -3.994048267327203194e-01
4.492492492492491607e+00 4.957154252569806463e-02 -4.005162079064236158e-01
4.508508508508509038e+00 5.620957074082216787e-02 -4.077628670283970358e-01
4.524524524524524693e+00 5.645212681938692467e-02 -4.100082707813130223e-01
4.540540540540540349e+00 7.022760766104713115e-02 -4.096624380165457824e-01
4.556556556556556004e+00 7.177226272371062255e-02 -4.015315861841394773e-01
4.572572572572573435e+00 7.170513174099583942e-02 -4.059984200131580012e-01
4.588588588588589090e+00 7.699152344146802107e-02 -4.026988546696187443e-01
4.604604604604604745e+00 7.705120772603496482e-02 -4.036404025507659421e-01
4.620620620620620400e+00 7.708570470538989028e-02 -4.016070278735724974e-01
4.636636636636636055e+00 7.761671158177391172e-02 -4.038781477982072987e-01
4.652652652652653487e+00 7.982944730214135143e-02 -4.076784620300172302e-01
4.668668668668669142e+00 7.949832235204297437e-02 -4.105670945881530476e-01
4.684684684684684797e+00 8.761369170578869880e-02 -4.128297107356427298e-01
4.700700700700700452e+00 9.186772831512560189e-02 -4.113123927364447097e-01
4.716716716716716107e+00 9.401013927586289454e-02 -4.131216177279625756e-01
4.732732732732733538e+00 9.106112464351735769e-02 -4.187312065862676125e-01
4.748748748748749193e+00 1.031794700863722242e-01 -4.233589621908037115e-01
4.764764764764764848e+00 1.135847231129268053e-01 -4.158227358923117789e-01
4.780780780780780503e+00 1.138462850868416087e-01 -4.080687217324766580e-01
4.796796796796796158e+00 1.098257025092307659e-01 -4.109150603646251065e-01
4.812812812812813590e+00 1.191417235755641291e-01 -4.151076745419878256e-01
4.828828828828829245e+00 1.114609801472361827e-01 -4.156361495980595011e-01
4.844844844844844900e+00 1.237458804149343117e-01 -4.207648771297701762e-01
4.860860860860860555e+00 1.266367209072623012e-01 -4.142610916110585073e-01
4.876876876876876210e+00 1.292588943673805557e-01 -4.211336136784136208e-01
4.892892892892893641e+00 1.427191564970434756e-01 -4.202729700410872127e-01
4.908908908908909297e+00 1.483298674803063544e-01 -4.149184900022341305e-01
4.924924924924924952e+00 1.492815682551001943e-01 -4.130411211905580804e-01
4.940940940940940607e+00 1.516013511781796885e-01 -4.091578164421448838e-01
4.956956956956956262e+00 1.515222977488595024e-01 -4.080875550552015563e-01
4.972972972972973693e+00 1.525883137631520448e-01 -4.054254686690865750e-01
4.988988988988989348e+00 1.557540891455899690e-01 -4.084280751337116544e-01
5.005005005005005003e+00 1.620763965142004714e-01 -4.082484449474543253e-01
5.021021021021020658e+00 1.603362270984195481e-01 -4.023910371935195407e-01
5.037037037037036313e+00 1.602682067981319181e-01 -4.121016646491459934e-01
5.053053053053053745e+00 1.693992545531394223e-01 -4.129153416902757723e-01
5.069069069069069400e+00 1.786449793983881928e-01 -4.087575842603136111e-01
5.085085085085085055e+00 1.814720148413873912e-01 -4.042321734774374509e-01
5.101101101101100710e+00 1.808073993228854204e-01 -4.034301949561281964e-01
5.117117117117116365e+00 1.882176438887268599e-01 -4.037379646282155399e-01
5.133133133133133796e+00 1.903538181995838019e-01 -4.023291179820687735e-01
5.149149149149149451e+00 1.931769327029474459e-01 -3.990800443798375730e-01
5.165165165165165106e+00 2.019494363024378347e-01 -3.989841427602488499e-01
5.181181181181180762e+00 2.039245919259408679e-01 -3.943296468779933228e-01
5.197197197197196417e+00 2.059600150974424115e-01 -3.901411062951756215e-01
5.213213213213213848e+00 2.080964805064388079e-01 -3.884123248070225909e-01
5.229229229229229503e+00 2.108966451602377057e-01 -3.815562574104567339e-01
5.245245245245245158e+00 2.061970427345440338e-01 -3.763446455036552063e-01
5.261261261261260813e+00 2.122223998046449400e-01 -3.799611365928590168e-01
5.277277277277276468e+00 2.107103133496318059e-01 -3.746812975092042586e-01
5.293293293293293900e+00 2.065302859215638609e-01 -3.785932773816182983e-01
5.309309309309309555e+00 2.212414142319115984e-01 -3.794507789048593427e-01
5.325325325325325210e+00 2.146949290625121409e-01 -3.750409544884431567e-01
5.341341341341340865e+00 2.181881183407457514e-01 -3.816426297415265179e-01
5.357357357357356520e+00 2.232855270888926547e-01 -3.788590501173074720e-01
5.373373373373373951e+00 2.236634159822202816e-01 -3.762899707359241286e-01
5.389389389389389606e+00 2.275289578079790487e-01 -3.751398987027834142e-01
5.405405405405405261e+00 2.329760232342402149e-01 -3.800412956473186443e-01
5.421421421421420916e+00 2.396544096503833432e-01 -3.689197311508186083e-01
5.437437437437436571e+00 2.399951171604001732e-01 -3.677591033646692709e-01
5.453453453453454003e+00 2.426970644119907927e-01 -3.656455049788934208e-01
5.469469469469469658e+00 2.430307558826424463e-01 -3.580162346859964151e-01
5.485485485485485313e+00 2.416346626066864511e-01 -3.636747017966477369e-01
5.501501501501500968e+00 2.457860822699484693e-01 -3.637337832280101990e-01
5.517517517517518399e+00 2.455663039087833954e-01 -3.590151657771998295e-01
5.533533533533534055e+00 2.515731810934825896e-01 -3.668197682903527879e-01
5.549549549549549710e+00 2.617740401225133740e-01 -3.624636637122372607e-01
5.565565565565565365e+00 2.658671564171818380e-01 -3.555554827256457995e-01
5.581581581581581020e+00 2.599787664031757983e-01 -3.528514374007748478e-01
5.597597597597598451e+00 2.653354716889844145e-01 -3.495522466265390538e-01
5.613613613613614106e+00 2.616940710330495357e-01 -3.555767788972251653e-01
5.629629629629629761e+00 2.729685008725394879e-01 -3.488271556036174337e-01
5.645645645645645416e+00 2.767945365082298270e-01 -3.429555380644162543e-01
5.661661661661661071e+00 2.778487392016005253e-01 -3.422798624063301820e-01
5.677677677677678503e+00 2.806965911224860166e-01 -3.420802473557567058e-01
5.693693693693694158e+00 2.869161585881948029e-01 -3.360827226921647704e-01
5.709709709709709813e+00 2.786667970605636313e-01 -3.359627999425423561e-01
5.725725725725725468e+00 2.871428533665685845e-01 -3.375097852378279306e-01
5.741741741741741123e+00 2.856094034026107620e-01 -3.332813380053826213e-01
5.757757757757758554e+00 2.943357981887044228e-01 -3.331290720427759755e-01
5.773773773773774209e+00 2.937898246742936537e-01 -3.309312775923669570e-01
5.789789789789789864e+00 3.005210868464001095e-01 -3.246169935025228215e-01
5.805805805805805520e+00 3.001386906891627682e-01 -3.167103063959065823e-01
5.821821821821821175e+00 2.996505117230902071e-01 -3.207106396721629560e-01
5.837837837837838606e+00 3.058978461768626089e-01 -3.140082684712653949e-01
5.853853853853854261e+00 2.994227624493062123e-01 -3.071170961914194697e-01
5.869869869869869916e+00 3.066987572304982201e-01 -3.126211579548269781e-01
5.885885885885885571e+00 3.087595235001961980e-01 -3.068669492496076678e-01
5.901901901901901226e+00 3.073747566818225696e-01 -3.054556453620448919e-01
5.917917917917918658e+00 3.138397938763168860e-01 -3.015601119737785774e-01
5.933933933933934313e+00 3.145281265474044741e-01 -2.942063924517944740e-01
5.949949949949949968e+00 3.096370908841863390e-01 -2.940751682963337332e-01
5.965965965965965623e+00 3.175814966929750849e-01 -2.996410701565657142e-01
5.981981981981981278e+00 3.171435029153060192e-01 -2.939096238503599023e-01
5.997997997997998709e+00 3.177684304925386116e-01 -2.932450912841378377e-01
6.014014014014014364e+00 3.207277390912681714e-01 -2.941611439236054282e-01
6.030030030030030019e+00 3.255268028633656607e-01 -2.900495291080206206e-01
6.046046046046045674e+00 3.315605957960464645e-01 -2.882192782501838968e-01
6.062062062062061329e+00 3.481309999455671766e-01 -2.782704191279025685e-01
6.078078078078078761e+00 3.415794417761408575e-01 -2.729095074619663497e-01
6.094094094094094416e+00 3.405481023765798421e-01 -2.675886250361474983e-01
6.110110110110110071e+00 3.453404910402029238e-01 -2.612546125427852028e-01
6.126126126126125726e+00 3.419971572515072555e-01 -2.507876063432725178e-01
6.142142142142141381e+00 3.368198820473090604e-01 -2.515607963733639818e-01
6.158158158158158813e+00 3.368684315133979590e-01 -2.448131131923180215e-01
6.174174174174174468e+00 3.341943557306005230e-01 -2.417198991157527010e-01
6.190190190190190123e+00 3.338681558066061705e-01 -2.443796501285925016e-01
6.206206206206205778e+00 3.349730242614639697e-01 -2.364303544327302498e-01
6.222222222222221433e+00 3.310942191950236868e-01 -2.437180603014945657e-01
6.238238238238238864e+00 3.422084936031762892e-01 -2.371559452097797283e-01
6.254254254254254519e+00 3.378890632908342351e-01 -2.318943237862189644e-01
6.270270270270270174e+00 3.415739170001992342e-01 -2.297285800251702703e-01
6.286286286286285829e+00 3.408119139238445783e-01 -2.250271307127849896e-01
6.302302302302301484e+00 3.395530809598650279e-01 -2.193173611989960026e-01
6.318318318318318916e+00 3.355204542411038826e-01 -2.187269918847441486e-01
6.334334334334334571e+00 3.362437318464263636e-01 -2.186141877656645471e-01
6.350350350350350226e+00 3.346481282549532699e-01 -2.215959402303378234e-01
6.366366366366365881e+00 3.391950949101337764e-01 -2.227286410533327321e-01
6.382382382382381536e+00 3.483203920188644442e-01 -2.141577206604570738e-01
6.398398398398398967e+00 3.481646646650944366e-01 -2.064668391037052242e-01
6.414414414414414622e+00 3.409007175377535281e-01 -2.033485229917411652e-01
6.430430430430430278e+00 3.429073914419210611e-01 -2.021110979708495847e-01
6.446446446446445933e+00 3.441483982411264742e-01 -2.015244086495654174e-01
6.462462462462461588e+00 3.415489953967612013e-01 -2.030514527151556503e-01
6.478478478478479019e+00 3.502420456960487760e-01 -2.001704753497682843e-01
6.494494494494494674e+00 3.476663333170911252e-01 -1.926426251581804250e-01
6.510510510510510329e+00 3.510536750009754514e-01 -1.896340553552111063e-01
6.526526526526525984e+00 3.494470817347888891e-01 -1.830812323345717973e-01
6.542542542542543416e+00 3.502387515494805870e-01 -1.824171796101138887e-01
6.558558558558559071e+00 3.500453071855632592e-01 -1.776175801764450501e-01
6.574574574574574726e+00 3.475411438983674883e-01 -1.726352454586063123e-01
6.590590590590590381e+00 3.477146901331524820e-01 -1.733615069732936387e-01
6.606606606606606036e+00 3.503786752980719288e-01 -1.645582405112730462e-01
6.622622622622623467e+00 3.438517771239549825e-01 -1.612097879426038216e-01
6.638638638638639122e+00 3.435228946623383184e-01 -1.595586865607174221e-01
6.654654654654654777e+00 3.403546381403780297e-01 -1.578613713791047757e-01
6.670670670670670432e+00 3.392213278268842447e-01 -1.546002093308175562e-01
6.686686686686686087e+00 3.365527324237191920e-01 -1.552286851784422383e-01
6.702702702702703519e+00 3.418746471091329564e-01 -1.601794197610025006e-01
6.718718718718719174e+00 3.458788493285715471e-01 -1.543109131242824950e-01
6.734734734734734829e+00 3.462639466264250676e-01 -1.517456497874631050e-01
6.750750750750750484e+00 3.460571507003790126e-01 -1.449419918010536046e-01
6.766766766766766139e+00 3.438873969108147133e-01 -1.460169351910323154e-01
6.782782782782783570e+00 3.461459621863398617e-01 -1.412892809331529331e-01
6.798798798798799226e+00 3.504590295894759455e-01 -1.331139104829070219e-01
6.814814814814814881e+00 3.443924951623515973e-01 -1.273122109139208091e-01
6.830830830830830536e+00 3.401817455029779724e-01 -1.294598346654280419e-01
6.846846846846846191e+00 3.414278525231926875e-01 -1.288254229911398319e-01
6.862862862862863622e+00 3.414721206438651180e-01 -1.244196181501791704e-01
6.878878878878879277e+00 3.391215455662340839e-01 -1.240114084143255635e-01
6.894894894894894932e+00 3.385729421411879381e-01 -1.228556041837817747e-01
6.910910910910910587e+00 3.477822837811378465e-01 -1.156106845454394905e-01
6.926926926926926242e+00 3.400195890550324895e-01 -1.102952934396344009e-01
6.942942942942943674e+00 3.372035643494700752e-01 -1.092196621794969263e-01
6.958958958958959329e+00 3.366251422206049115e-01 -1.064462089075148277e-01
6.974974974974974984e+00 3.386764632522426544e-01 -1.021548654143018958e-01
6.990990990990990639e+00 3.346868369605708882e-01 -1.014835310429192117e-01
7.007007007007006294e+00 3.335897038818910199e-01 -9.478338772238173449e-02
7.023023023023023725e+00 3.297572562158236353e-01 -9.257403759702896584e-02
7.039039039039039380e+00 3.255022296294197703e-01 -9.375615409967653913e-02
7.055055055055055035e+00 3.293120828229958441e-01 -9.341966569449293434e-02
7.071071071071070691e+00 3.298106433634404588e-01 -9.037227013754849103e-02
7.087087087087086346e+00 3.273204983928010847e-01 -8.363859223434171042e-02
7.103103103103103777e+00 3.249905852755005653e-01 -8.485597721445518882e-02
7.119119119119119432e+00 3.220382941922785847e-01 -8.234534105972229900e-02
7.135135135135135087e+00 3.223529541625423933e-01 -8.130284027708085948e-02
7.151151151151150742e+00 3.235432525845670648e-01 -7.658179963519838596e-02
7.167167167167166397e+00 3.178392894590824636e-01 -7.362358387811017424e-02
7.183183183183183829e+00 3.133720921640154589e-01 -7.388120397484934654e-02
7.199199199199199484e+00 3.164423468992758615e-01 -7.845066546563464471e-02
7.215215215215215139e+00 3.206802178740848497e-01 -6.702851164594400557e-02
7.231231231231230794e+00 3.132220566521504157e-01 -7.015878356261906479e-02
7.247247247247246449e+00 3.191225918932631966e-01 -6.562276828899071823e-02
7.263263263263263880e+00 3.139222274990666195e-01 -6.129009369701048093e-02
7.279279279279279535e+00 3.102995857915465949e-01 -5.900199113400697581e-02
7.295295295295295190e+00 3.081521108347194948e-01 -5.770160459419784726e-02
7.311311311311310845e+00 3.080845682654269613e-01 -5.742291286482266444e-02
7.327327327327326500e+00 3.035464599592444523e-01 -5.355239276823938604e-02
7.343343343343343932e+00 3.044682849567901806e-01 -5.485528935329350708e-02
7.359359359359359587e+00 3.030846706200907570e-01 -5.004162688621542621e-02
7.375375375375375242e+00 3.003501994037730549e-01 -4.739746339994937996e-02
7.391391391391390897e+00 2.976923330019854985e-01 -4.906132664262266574e-02
7.407407407407406552e+00 2.974576534135696670e-01 -4.397135047185841972e-02
7.423423423423423984e+00 2.934381504142914432e-01 -4.192183035277050052e-02
7.439439439439439639e+00 2.895984624860770129e-01 -4.300592716099278789e-02
7.455455455455455294e+00 2.919755275727633492e-01 -4.483655641843995593e-02
7.471471471471470949e+00 2.902020557921976551e-01 -3.790163100949436176e-02
7.487487487487486604e+00 2.863708142691182568e-01 -3.835069063176889392e-02
7.503503503503504035e+00 2.843230483040745105e-01 -3.777387028941754654e-02
7.519519519519519690e+00 2.821605703211655936e-01 -3.805747513398690524e-02
7.535535535535535345e+00 2.821896795412595083e-01 -3.648169856340143652e-02
7.551551551551551000e+00 2.820716252024488835e-01 -3.304078175508316784e-02
7.567567567567568432e+00 2.773529474362738112e-01 -3.434885458710301015e-02
7.583583583583584087e+00 2.780865697905571809e-01 -3.410370458521493064e-02
7.599599599599599742e+00 2.750296756131482279e-01 -3.181130480168645192e-02
7.615615615615615397e+00 2.747946792950944905e-01 -3.445398818016574133e-02
7.631631631631631052e+00 2.741193149668191831e-01 -3.099652281503059367e-02
7.647647647647648483e+00 2.738763352658251105e-01 -3.085562553792075419e-02
7.663663663663664138e+00 2.720606656743994045e-01 -2.820434208879265409e-02
7.679679679679679793e+00 2.701568111765368929e-01 -2.595299219688577269e-02
7.695695695695695449e+00 2.680414478121474486e-01 -2.635754952906390475e-02
7.711711711711711104e+00 2.674699671140482460e-01 -2.611035698426870250e-02
7.727727727727728535e+00 2.674921682758101271e-01 -2.402107245522586143e-02
7.743743743743744190e+00 2.655273840448292288e-01 -2.303151114137783062e-02
7.759759759759759845e+00 2.637695387870493402e-01 -2.115797134824178027e-02
7.775775775775775500e+00 2.614083928725119410e-01 -2.005399993643710785e-02
7.791791791791791155e+00 2.596593813523501160e-01 -2.035129398807387566e-02
7.807807807807808587e+00 2.589349372937226335e-01 -2.153963842497337577e-02
7.823823823823824242e+00 2.580463787136291209e-01 -1.995243886702434410e-02
7.839839839839839897e+00 2.591059952214080364e-01 -1.866845594099326641e-02
7.855855855855855552e+00 2.577654917213210162e-01 -1.536844912104706924e-02
7.871871871871871207e+00 2.543905275256658216e-01 -1.396972487352509187e-02
7.887887887887888638e+00 2.533760711054889869e-01 -1.419365979006068090e-02
7.903903903903904293e+00 2.533495591861805174e-01 -1.320459247142760639e-02
7.919919919919919948e+00 2.504396332977221751e-01 -1.254897018957182656e-02
7.935935935935935603e+00 2.506158511509324338e-01 -1.213057588900722308e-02
7.951951951951951258e+00 2.485508212219450785e-01 -1.034051569364725573e-02
7.967967967967968690e+00 2.477082134810276448e-01 -1.106551502201087028e-02
7.983983983983984345e+00 2.502944916484641791e-01 -1.117951934365865596e-02
8.000000000000000000e+00 2.498006208893255864e-01 0.000000000000000000e+00
