  0.50000000E+00 -0.18177519E+00 -0.58683290E-20 -0.70686170E-20  0.59172185E-01 -0.43587468E-20
  0.43958111E+00 -0.14709165E+00 -0.15169186E-01 -0.15171382E-01  0.57909550E-01  0.15457051E-01
  0.39118145E+00 -0.11984048E+00 -0.25930505E-01 -0.25921948E-01  0.54853498E-01  0.30279678E-01
  0.35135791E+00 -0.98298818E-01 -0.33456575E-01 -0.33420717E-01  0.50820487E-01  0.43887737E-01
  0.31878878E+00 -0.81122224E-01 -0.38669541E-01 -0.38681404E-01  0.46361776E-01  0.56133027E-01
  0.29166610E+00 -0.67341148E-01 -0.42253435E-01 -0.42266944E-01  0.41847537E-01  0.67133628E-01
  0.26911332E+00 -0.56145745E-01 -0.44652845E-01 -0.44664244E-01  0.37409982E-01  0.76692263E-01
  0.25018742E+00 -0.47023204E-01 -0.46178821E-01 -0.46291985E-01  0.33232767E-01  0.85170772E-01
  0.23406938E+00 -0.39528115E-01 -0.47049879E-01 -0.47283812E-01  0.29387826E-01  0.92406139E-01
  0.22025457E+00 -0.33364804E-01 -0.47531555E-01 -0.47836876E-01  0.25890520E-01  0.98584851E-01
  0.20869097E+00 -0.28251364E-01 -0.47743307E-01 -0.48145830E-01  0.22735491E-01  0.10394735E+00
  0.19866987E+00 -0.24012225E-01 -0.47751106E-01 -0.48158607E-01  0.19903690E-01  0.10827019E+00
  0.18997149E+00 -0.20478012E-01 -0.47612910E-01 -0.48028182E-01  0.17404148E-01  0.11191922E+00
  0.18242661E+00 -0.17462027E-01 -0.47358608E-01 -0.47768459E-01  0.15178794E-01  0.11478760E+00
  0.17580424E+00 -0.14918119E-01 -0.47070226E-01 -0.47493008E-01  0.13220302E-01  0.11724229E+00
  0.17011742E+00 -0.12762261E-01 -0.46763675E-01 -0.47195291E-01  0.11502760E-01  0.11926707E+00
  0.16512635E+00 -0.10919114E-01 -0.46423642E-01 -0.46861586E-01  0.99827343E-02  0.12097846E+00
  0.16061948E+00 -0.93680708E-02 -0.46021426E-01 -0.46517160E-01  0.86700232E-02  0.12232628E+00
  0.15683682E+00 -0.80337188E-02 -0.45719726E-01 -0.46203835E-01  0.74974981E-02  0.12351091E+00
  0.15351851E+00 -0.68809569E-02 -0.45386616E-01 -0.45889174E-01  0.64778954E-02  0.12437237E+00
  0.15055298E+00 -0.59099700E-02 -0.45041145E-01 -0.45581058E-01  0.55895618E-02  0.12501373E+00
  0.14798765E+00 -0.50690642E-02 -0.44716632E-01 -0.45288151E-01  0.48208666E-02  0.12545427E+00
  0.14578015E+00 -0.43280602E-02 -0.44470564E-01 -0.45018124E-01  0.41346350E-02  0.12587397E+00
  0.14383992E+00 -0.36458345E-02 -0.44246546E-01 -0.44748018E-01  0.35209928E-02  0.12620518E+00
  0.14220201E+00 -0.30855473E-02 -0.43984713E-01 -0.44550288E-01  0.29749887E-02  0.12640766E+00
  0.14063489E+00 -0.25640152E-02 -0.43745981E-01 -0.44325112E-01  0.24962352E-02  0.12642052E+00
  0.13936804E+00 -0.21117878E-02 -0.43542441E-01 -0.44178854E-01  0.20635972E-02  0.12660512E+00
  0.13838708E+00 -0.17086204E-02 -0.43398844E-01 -0.44021141E-01  0.16796838E-02  0.12661439E+00
  0.13755825E+00 -0.13372434E-02 -0.43279878E-01 -0.43879573E-01  0.12998218E-02  0.12655423E+00
  0.13682209E+00 -0.97696451E-03 -0.43192809E-01 -0.43761049E-01  0.93218209E-03  0.12661840E+00
  0.13641158E+00 -0.64593008E-03 -0.43091961E-01 -0.43673432E-01  0.59697896E-03  0.12650801E+00
  0.13613627E+00 -0.30398446E-03 -0.42970903E-01 -0.43641539E-01  0.29282080E-03  0.12645017E+00
  0.13594537E+00 -0.82196077E-20 -0.43012554E-01 -0.43612126E-01  0.29992590E-20  0.12652429E+00
  0.13613627E+00  0.30398446E-03 -0.42970903E-01 -0.43641539E-01 -0.29282080E-03  0.12645017E+00
  0.13641158E+00  0.64593008E-03 -0.43091961E-01 -0.43673432E-01 -0.59697896E-03  0.12650801E+00
  0.13682209E+00  0.97696451E-03 -0.43192809E-01 -0.43761049E-01 -0.93218209E-03  0.12661840E+00
  0.13755825E+00  0.13372434E-02 -0.43279878E-01 -0.43879573E-01 -0.12998218E-02  0.12655423E+00
  0.13838708E+00  0.17086204E-02 -0.43398844E-01 -0.44021141E-01 -0.16796838E-02  0.12661439E+00
  0.13936804E+00  0.21117878E-02 -0.43542441E-01 -0.44178854E-01 -0.20635972E-02  0.12660512E+00
  0.14063489E+00  0.25640152E-02 -0.43745981E-01 -0.44325112E-01 -0.24962352E-02  0.12642052E+00
  0.14220201E+00  0.30855473E-02 -0.43984713E-01 -0.44550288E-01 -0.29749887E-02  0.12640766E+00
  0.14383992E+00  0.36458345E-02 -0.44246546E-01 -0.44748018E-01 -0.35209928E-02  0.12620518E+00
  0.14578015E+00  0.43280602E-02 -0.44470564E-01 -0.45018124E-01 -0.41346350E-02  0.12587397E+00
  0.14798765E+00  0.50690642E-02 -0.44716632E-01 -0.45288151E-01 -0.48208666E-02  0.12545427E+00
  0.15055298E+00  0.59099700E-02 -0.45041145E-01 -0.45581058E-01 -0.55895618E-02  0.12501373E+00
  0.15351851E+00  0.68809569E-02 -0.45386616E-01 -0.45889174E-01 -0.64778954E-02  0.12437237E+00
  0.15683682E+00  0.80337188E-02 -0.45719726E-01 -0.46203835E-01 -0.74974981E-02  0.12351091E+00
  0.16061948E+00  0.93680708E-02 -0.46021426E-01 -0.46517160E-01 -0.86700232E-02  0.12232628E+00
  0.16512635E+00  0.10919114E-01 -0.46423642E-01 -0.46861586E-01 -0.99827343E-02  0.12097846E+00
  0.17011742E+00  0.12762261E-01 -0.46763675E-01 -0.47195291E-01 -0.11502760E-01  0.11926707E+00
  0.17580424E+00  0.14918119E-01 -0.47070226E-01 -0.47493008E-01 -0.13220302E-01  0.11724229E+00
  0.18242661E+00  0.17462027E-01 -0.47358608E-01 -0.47768459E-01 -0.15178794E-01  0.11478760E+00
  0.18997149E+00  0.20478012E-01 -0.47612910E-01 -0.48028182E-01 -0.17404148E-01  0.11191922E+00
  0.19866987E+00  0.24012225E-01 -0.47751106E-01 -0.48158607E-01 -0.19903690E-01  0.10827019E+00
  0.20869097E+00  0.28251364E-01 -0.47743307E-01 -0.48145830E-01 -0.22735491E-01  0.10394735E+00
  0.22025457E+00  0.33364804E-01 -0.47531555E-01 -0.47836876E-01 -0.25890520E-01  0.98584851E-01
  0.23406938E+00  0.39528115E-01 -0.47049879E-01 -0.47283812E-01 -0.29387826E-01  0.92406139E-01
  0.25018742E+00  0.47023204E-01 -0.46178821E-01 -0.46291985E-01 -0.33232767E-01  0.85170772E-01
  0.26911332E+00  0.56145745E-01 -0.44652845E-01 -0.44664244E-01 -0.37409982E-01  0.76692263E-01
  0.29166610E+00  0.67341148E-01 -0.42253435E-01 -0.42266944E-01 -0.41847537E-01  0.67133628E-01
  0.31878878E+00  0.81122224E-01 -0.38669541E-01 -0.38681404E-01 -0.46361776E-01  0.56133027E-01
  0.35135791E+00  0.98298818E-01 -0.33456575E-01 -0.33420717E-01 -0.50820487E-01  0.43887737E-01
  0.39118145E+00  0.11984048E+00 -0.25930505E-01 -0.25921948E-01 -0.54853498E-01  0.30279678E-01
  0.43958111E+00  0.14709165E+00 -0.15169186E-01 -0.15171382E-01 -0.57909550E-01  0.15457051E-01
